Epoch    10: Training cost= 2.4272, Training acc= 0.1039, Validation cost= 2.4191, Validation acc= 0.0997
Epoch    20: Training cost= 2.3039, Training acc= 0.1096, Validation cost= 2.3384, Validation acc= 0.1002
Epoch    30: Training cost= 2.2808, Training acc= 0.1164, Validation cost= 2.3334, Validation acc= 0.1025
Epoch    40: Training cost= 2.2621, Training acc= 0.1243, Validation cost= 2.3184, Validation acc= 0.1040
Epoch    50: Training cost= 2.2401, Training acc= 0.1322, Validation cost= 2.3144, Validation acc= 0.1057
Epoch    60: Training cost= 2.2108, Training acc= 0.1395, Validation cost= 2.2968, Validation acc= 0.1079
Epoch    70: Training cost= 2.2033, Training acc= 0.1465, Validation cost= 2.3011, Validation acc= 0.1099
Epoch    80: Training cost= 2.2156, Training acc= 0.1519, Validation cost= 2.3132, Validation acc= 0.1106
Epoch    90: Training cost= 2.1893, Training acc= 0.1563, Validation cost= 2.3293, Validation acc= 0.1102
Epoch   100: Training cost= 2.1466, Training acc= 0.1617, Validation cost= 2.3214, Validation acc= 0.1114
tm  [-0.2 -0.1 -0.3  0.9  0.3  1.1 -0.6 -0.1 -0.5 -0.3  1.1  0.  -0.  -0.8  0.1 -0.1 -0.8  2.4 -0.1 -0.2  1.7 -0.3  0.1 -0.4 -0.7 -0.3 -0.7  0.9  0.8 -0.7 -0.2 -0.5  0.8  0.1  0.7 -0.   1.5 -0.8 -0.1 -0.2 -0.9 -0.8 -0.4  0.  -0.4  1.7 -0.1  1.1 -0.   0.2 -0.2  0.8  1.4  1.6 -0.1 -0.3 -0.4 -0.3 -0.2  1.1  0.  -0.2  0.1  1.2 -0.6 -0.1  0.1 -0.5 -0.2 -0.  -0.1  1.7 -0.2 -0.4 -0.4  1.4  0.7 -0.3  0.4 -0.4 -0.1 -0.  -0.  -0.1 -0.3 -0.6  1.5  0.3  0.9  0.6  0.  -0.3 -0.4 -0.2 -0.3 -0.1 -0.2  0.6  0.9  0.6  0.4 -0.6  0.7 -0.   0.2 -0.4 -1.  -0.1  1.1 -0.2  0.7 -0.3 -0.1 -0.2  2.   1.   0.3 -0.3 -0.2 -0.6 -0.2  0.9  0.1  1.9 -0.3  1.1  0.2 -0.6 -0.4  1.  -0.1 -1.1  0.4 -0.5  0.5 -0.4 -0.2 -0.1 -0.5 -0.9  0.1  2.2  0.8 -1.  -0.4 -0.3 -0.2 -0.2  0.1 -0.6  0.5 -0.1 -0.3 -0.4 -0.  -0.6 -0.9 -0.2  0.9 -0.4 -0.3 -0.4  0.2  2.2 -0.  -0.7 -0.   0.6 -0.4 -0.1  0.2  1.1  1.1 -0.8 -0.8 -0.1 -0.5 -0.1 -0.7 -0.  -0.2 -0.4  0.7  1.  -0.  -0.4 -0.4 -0.  -0.2  1.2  1.5  0.4 -0.7 -0.6 -0.2  0.1 -0.8 -0.1 -0.2 -0.6 -0.3 -0.1  1.3  0.9  1.1 -0.4 -0.7  1.1  1.8 -0.4  1.5 -0.2 -0.2 -0.  -0.4 -0.1 -0.   1.2 -0.1 -0.3  0.6  0.6 -0.1 -0.5  0.3  0.8 -0.3 -0.1  0.7 -0.3 -0.7  0.1  1.1 -0.1  1.9  0.   0.8 -0.7 -0.2 -0.5  0.4 -0.2 -0.3  0.7  0.7  1.1  0.8 -0.   0.1 -0.9  0.1 -0.2 -0.3 -0.4 -0.  -0.5]
ty_50sample [[2 2 3 0 5 3 2 2 5]
 [8 8 7 3 7 9 7 9 7]
 [4 3 3 4 5 4 4 1 5]
 [2 2 5 0 3 1 4 1 3]
 [1 0 7 1 2 6 0 8 7]
 [5 1 5 0 4 5 4 2 2]
 [7 2 5 4 8 4 7 7 7]
 [7 7 7 7 7 9 7 9 7]
 [5 6 7 4 7 9 6 9 6]
 [8 6 5 5 5 4 5 5 5]]
tt_50sample [[5 0 3 3 7 9 3 5 2]
 [4 5 3 3 7 9 9 9 7]
 [3 4 1 1 0 7 8 4 3]
 [2 4 7 3 0 5 4 0 2]
 [8 0 3 7 1 7 8 0 7]
 [2 1 4 6 0 6 6 2 8]
 [3 7 7 2 2 1 7 0 7]
 [0 8 6 2 6 9 5 3 7]
 [5 4 3 5 7 6 6 9 3]
 [5 5 7 8 0 2 6 5 1]]
vm  [-0.1  0.1 -0.2  1.   0.7 -0.3  0.6 -0.2 -0.6 -0.3 -0.5  0.3  0.  -0.3  0.4  0.3 -0.8  1.6  0.1 -0.2 -0.3 -0.2 -0.4 -0.1 -0.8  0.  -0.5 -0.2 -0.4 -0.4  2.4 -0.3  0.9 -0.4 -0.1  1.6 -0.3  1.3 -0.9 -0.  -0.6 -1.   0.6 -0.1 -0.4  0.8  1.2  0.8 -0.   0.1 -0.2  1.7  1.8  0.6 -0.4 -0.2 -0.1  1.1 -0.6  1.2 -0.2  0.3 -0.1 -0.2 -0.3 -0.2 -0.1 -0.3 -0.3 -0.1 -0.2  0.2 -0.  -0.8 -0.2 -0.2  1.2 -0.6  0.3 -0.3  1.9  0.3 -0.3 -0.6 -0.8 -0.2  0.9 -0.   0.6 -0.3 -0.  -0.1 -0.4  1.2  1.  -0.   2.   0.3 -0.4  1.1  1.6 -0.8  1.5  0.4 -0.1 -0.2 -1.1 -0.3 -0.4 -0.2  1.5 -0.1 -0.1 -0.7 -0.2  0.2  3.7 -0.4 -0.3 -0.2 -0.5  0.9 -0.6  0.9 -0.1  1.4  0.  -0.4  1.7  0.   0.9 -0.1 -0.2  0.7  0.2 -0.2 -0.6 -0.3 -0.7 -0.4  0.4 -0.2 -0.   0.  -0.3  3.8 -0.1  0.2  0.3 -0.3 -0.7 -0.2  1.  -0.4 -0.6 -0.5 -1.1 -0.5  0.9 -0.3 -0.3 -0.2 -0.2 -0.  -0.3 -0.5  1.1 -0.  -0.2  1.2 -0.5 -0.2 -0.2 -0.6 -0.3 -0.3 -0.3 -0.2 -0.3  0.7 -0.6 -0.3  1.8  1.1 -0.1  0.4 -0.   1.4  0.7 -0.4  0.   0.8 -0.4 -0.2 -0.1  2.1 -0.3 -0.8  0.9 -0.6  0.2 -0.2 -0.2  1.9 -0.4 -0.5 -0.2 -0.1  0.5 -0.2  3.7 -0.  -0.7 -0.1 -0.1 -0.   2.1 -0.1 -0.   0.2 -0.4 -0.2 -0.1 -0.2  0.6  1.1  0.3 -0.2  3.1  0.4 -0.5 -0.2 -0.3  1.3  2.6 -0.2 -0.3 -0.5 -0.7 -0.4 -0.4 -0.1 -0.6 -0.  -0.6  1.7 -0.1  2.   0.8 -0.2 -0.2 -0.2 -0.1 -0.3 -0.1 -0.3]
vy_50sample [[8 5 9 9 5 7 7 8 5]
 [9 7 3 9 9 3 9 9 9]
 [4 4 4 4 4 5 5 4 8]
 [7 9 7 8 9 9 9 9 7]
 [8 7 9 9 7 9 9 8 9]
 [0 1 3 0 2 5 5 0 5]
 [0 0 0 0 0 0 0 9 0]
 [1 4 5 1 4 1 5 1 1]
 [7 7 9 9 9 9 9 4 9]
 [7 9 9 6 9 6 6 6 9]]
vt_50sample [[8 6 7 3 8 6 3 0 9]
 [6 0 2 3 7 7 6 7 5]
 [0 2 8 8 2 7 6 4 0]
 [6 4 5 6 8 8 3 7 1]
 [9 5 2 9 5 6 0 7 6]
 [0 6 2 3 4 4 0 5 7]
 [3 2 3 5 5 5 5 1 5]
 [6 4 2 1 1 1 3 9 9]
 [5 9 3 3 1 0 9 7 1]
 [3 0 9 0 7 8 6 5 8]]
Epoch   110: Training cost= 2.1333, Training acc= 0.1675, Validation cost= 2.3133, Validation acc= 0.1123
Epoch   120: Training cost= 2.1226, Training acc= 0.1731, Validation cost= 2.3262, Validation acc= 0.1129
Epoch   130: Training cost= 2.1135, Training acc= 0.1787, Validation cost= 2.3648, Validation acc= 0.1132
Epoch   140: Training cost= 2.0680, Training acc= 0.1843, Validation cost= 2.3626, Validation acc= 0.1136
Epoch   150: Training cost= 2.0140, Training acc= 0.1901, Validation cost= 2.3808, Validation acc= 0.1139
Epoch   160: Training cost= 2.0049, Training acc= 0.1962, Validation cost= 2.3947, Validation acc= 0.1143
Epoch   170: Training cost= 1.9391, Training acc= 0.2026, Validation cost= 2.4203, Validation acc= 0.1148
Epoch   180: Training cost= 1.9016, Training acc= 0.2090, Validation cost= 2.4317, Validation acc= 0.1153
Epoch   190: Training cost= 1.8402, Training acc= 0.2157, Validation cost= 2.4745, Validation acc= 0.1157
Epoch   200: Training cost= 1.8019, Training acc= 0.2223, Validation cost= 2.5277, Validation acc= 0.1160
tm  [ 0.5 -0.2 -0.2  1.5  0.8  1.  -0.5  1.  -0.4 -0.2  1.4  0.8 -0.  -0.7  0.1 -0.6 -0.6  2.  -0.1 -0.   2.  -0.4  0.2 -0.2 -0.6 -0.1 -0.4  1.8  0.6 -0.7 -0.2 -0.4  1.   0.5  1.4  0.5  1.4 -0.7  0.4  0.2 -0.8 -0.7 -0.1  0.1 -0.4  1.6 -0.   2.3  1.2 -0.2 -0.1  1.9  1.4  2.6  0.1 -0.  -0.3 -0.2  0.1  0.5 -0.2 -0.1  0.5  1.1 -0.9 -0.1  2.  -0.4 -0.1  0.7  0.8  2.8 -0.5 -0.4 -0.5  2.2  1.1 -0.7  1.  -0.5 -0.2  0.5  0.5  0.3 -0.4 -0.7  1.5  0.5  0.9  1.3  0.7 -0.6 -0.2 -0.5 -0.5  1.  -0.1  1.3  1.   0.5  1.3 -0.4  1.4  0.3 -0.  -0.2 -1.  -0.   1.4 -0.2  0.6 -0.4 -0.2  0.1  2.6  2.   1.  -0.2  1.2 -0.6 -0.3  1.1 -0.2  3.  -0.1  1.7  0.8 -0.4 -0.5  2.1  0.3 -0.9  0.2 -0.8  0.9 -0.5  0.5 -0.1 -0.7 -0.7  0.6  2.6  0.8 -0.5 -0.5 -0.2 -0.2 -0.1  0.8 -0.6  0.6 -0.1 -0.5 -0.3 -0.3 -0.6 -0.6 -0.   1.7 -0.1 -0.3 -0.3  0.3  2.8  0.5 -0.8 -0.1  0.9 -0.2 -0.1  0.6  1.8  1.6 -1.  -1.  -0.1 -0.4 -0.1 -0.7  0.2 -0.  -0.4  0.6  1.5  0.3 -0.2 -0.6  0.2 -0.1  1.8  2.3  1.  -0.8 -0.7 -0.1  1.1 -0.6  0.7  0.6 -0.8 -0.4  0.9  2.1  1.8  2.  -0.3 -0.6  2.2  2.9 -0.5  2.4 -0.1 -0.3 -0.  -0.4  0.   0.2  1.6  0.8 -0.4  0.2  0.9  0.9 -0.4 -0.2 -0.  -0.4  0.1  1.5 -0.3 -0.8  0.1  2.8  0.2  2.5 -0.2  1.6 -0.6 -0.3 -0.6  1.5 -0.2 -0.2  1.4  1.6  0.5  1.5 -0.2 -0.3 -0.9 -0.1 -0.3 -0.3 -0.8  0.3 -0.1]
ty_50sample [[3 2 3 3 3 3 3 3 3]
 [7 9 9 3 9 9 9 9 7]
 [4 4 3 4 3 4 4 3 3]
 [2 2 2 0 0 0 4 0 2]
 [7 0 0 7 7 7 8 8 7]
 [2 6 6 6 6 6 6 2 2]
 [7 7 7 7 7 7 7 7 7]
 [0 0 6 6 6 6 3 3 3]
 [5 6 5 5 6 6 6 5 6]
 [5 5 5 5 5 2 5 5 5]]
tt_50sample [[5 0 3 3 7 9 3 5 2]
 [4 5 3 3 7 9 9 9 7]
 [3 4 1 1 0 7 8 4 3]
 [2 4 7 3 0 5 4 0 2]
 [8 0 3 7 1 7 8 0 7]
 [2 1 4 6 0 6 6 2 8]
 [3 7 7 2 2 1 7 0 7]
 [0 8 6 2 6 9 5 3 7]
 [5 4 3 5 7 6 6 9 3]
 [5 5 7 8 0 2 6 5 1]]
vm  [-0.  -0.1  0.6  1.3  1.2 -0.2  2.6 -0.2 -0.3 -0.3 -0.5  0.5 -0.  -0.2  0.9  0.4 -1.2  2.5 -0.1 -0.4 -0.2 -0.2 -0.4  0.7 -0.8 -0.2 -0.2  0.8 -0.3 -0.2  2.8 -0.5  0.9 -0.2 -0.1  3.4 -0.3  2.  -1.   0.9 -0.8 -1.4  1.3 -0.1 -0.5  0.8  2.3 -0.   0.4  1.2 -0.   1.2  2.   1.2 -0.5 -0.3 -0.   2.1 -0.5  1.4 -0.4  0.3 -0.  -0.5 -0.4 -0.3 -0.1 -0.4 -0.4 -0.  -0.3  1.2  0.1 -0.7 -0.2 -0.5  1.1 -0.5  0.7 -0.7  3.3  0.7 -0.8 -1.1 -1.1  0.9  1.  -0.1  1.4 -0.1  0.3  0.1 -0.2  2.2  1.3 -0.1  2.8  1.5 -0.7  1.6  1.2 -1.2  1.6  0.7 -0.2 -0.4 -1.1 -0.4 -0.5 -0.   1.8  0.3  0.2 -0.7 -0.3  0.5  4.8 -0.2 -0.3 -0.2 -0.9  1.9 -0.8  1.7 -0.3  1.4  0.9 -0.4  2.1 -0.   0.7  0.1 -0.4  1.8  0.3 -0.4 -0.8 -0.5 -0.5 -0.5  0.6 -0.2 -0.3  0.2 -0.4  6.2 -0.   0.7  1.6 -0.2 -1.1 -0.   1.4 -0.7 -0.7 -0.4 -0.9 -0.2  1.7  0.7 -0.6 -0.1 -0.2 -0.4  0.1 -0.6  2.1 -0.1  0.5  1.9 -0.5 -0.3 -0.  -0.8 -0.4 -0.6 -0.2 -0.2 -0.1  1.  -0.9 -0.3  2.2  1.2  0.   0.8 -0.   1.8  2.7 -0.7 -0.2  2.1 -0.2 -0.2 -0.2  3.6  0.5 -1.3  2.1 -0.7 -0.1 -0.  -0.2  2.5 -0.3 -0.6  0.1  0.5  0.2 -0.4  4.8 -0.2 -1.  -0.1 -0.  -0.3  3.5  0.5 -0.1  0.6 -0.4  0.3 -0.1 -0.2  0.5  1.7  0.2 -0.3  5.   0.6 -0.8 -0.1 -0.6  1.9  4.2 -0.1 -0.3 -0.7 -0.8 -0.3 -0.4  0.1 -0.6  0.6 -1.   1.9  0.6  2.8  2.2 -0.1 -0.3 -0.1  0.3 -0.1  0.2  0.2]
vy_50sample [[6 6 6 6 6 6 6 6 6]
 [9 6 6 9 9 9 9 9 7]
 [0 9 0 4 7 7 6 1 8]
 [4 9 4 8 4 4 5 4 4]
 [3 8 6 6 3 4 4 4 7]
 [0 0 0 0 2 2 2 2 0]
 [0 0 0 0 0 0 0 0 0]
 [4 4 4 4 4 4 4 4 4]
 [7 7 4 4 4 7 0 4 4]
 [4 6 6 6 4 6 6 6 6]]
vt_50sample [[8 6 7 3 8 6 3 0 9]
 [6 0 2 3 7 7 6 7 5]
 [0 2 8 8 2 7 6 4 0]
 [6 4 5 6 8 8 3 7 1]
 [9 5 2 9 5 6 0 7 6]
 [0 6 2 3 4 4 0 5 7]
 [3 2 3 5 5 5 5 1 5]
 [6 4 2 1 1 1 3 9 9]
 [5 9 3 3 1 0 9 7 1]
 [3 0 9 0 7 8 6 5 8]]
Epoch   210: Training cost= 1.8115, Training acc= 0.2285, Validation cost= 2.5962, Validation acc= 0.1162
Epoch   220: Training cost= 1.7425, Training acc= 0.2340, Validation cost= 2.5757, Validation acc= 0.1163
Epoch   230: Training cost= 1.6885, Training acc= 0.2405, Validation cost= 2.6092, Validation acc= 0.1164
Epoch   240: Training cost= 1.6387, Training acc= 0.2474, Validation cost= 2.6556, Validation acc= 0.1165
Epoch   250: Training cost= 1.6207, Training acc= 0.2540, Validation cost= 2.7441, Validation acc= 0.1165
Epoch   260: Training cost= 1.7463, Training acc= 0.2589, Validation cost= 2.8523, Validation acc= 0.1165
Epoch   270: Training cost= 1.6070, Training acc= 0.2637, Validation cost= 2.7479, Validation acc= 0.1163
Epoch   280: Training cost= 1.5242, Training acc= 0.2698, Validation cost= 2.7755, Validation acc= 0.1163
Epoch   290: Training cost= 1.4807, Training acc= 0.2765, Validation cost= 2.8570, Validation acc= 0.1162
Epoch   300: Training cost= 1.4310, Training acc= 0.2832, Validation cost= 2.9242, Validation acc= 0.1161
tm  [ 1.1  0.2 -0.4  2.5  0.9  1.5 -0.6  0.7 -0.5 -0.1  1.9  1.  -0.1 -0.8  0.9 -0.7 -0.3  1.7  0.2 -0.2  3.  -0.5  0.7 -0.  -0.5 -0.  -0.   2.1  0.6 -0.6 -0.5 -0.4  0.6 -0.   1.4  0.4  2.1 -0.8  1.3  0.7 -0.6 -0.6  0.2  0.4 -0.5  2.  -0.1  2.3  1.8 -0.2 -0.1  1.9  0.7  3.   0.5  0.1 -0.5 -0.2  0.5  0.7 -0.2  0.1  1.2  1.5 -0.9 -0.1  2.1 -0.4  1.1  1.5  1.2  3.5 -0.8 -0.3 -0.7  2.2  1.  -0.8  1.1 -0.7 -0.4  0.5  0.7  0.6 -0.3 -0.9  1.5  0.2  0.8  1.9  0.2 -0.8 -0.1 -0.9 -0.6  1.4 -0.2  1.   1.1 -0.1  1.8 -0.3  1.7  0.3  0.  -0.1 -1.   0.6  2.8 -0.3  0.5 -0.3 -0.4 -0.   3.5  2.2  0.5 -0.2  2.5 -0.8 -0.3  0.7 -0.4  3.2 -0.3  1.7  1.3 -0.4 -0.6  2.5  0.5 -0.7 -0.1 -1.   1.6 -0.6  1.1 -0.  -1.4 -0.4  1.7  3.4  0.1 -0.6 -0.6 -0.4 -0.2 -0.1  1.9 -0.5  0.8 -0.2 -0.7 -0.3 -0.4 -0.5 -0.3  0.   2.4  0.  -0.2 -0.2  0.7  3.  -0.  -0.6 -0.2  0.5 -0.  -0.4  0.7  3.6  2.1 -0.9 -1.  -0.1 -0.7 -0.2 -0.7  0.3 -0.  -0.5  0.4  1.6  0.5 -0.1 -0.7  0.5 -0.   2.4  2.6  1.2 -0.9 -0.7 -0.1  1.5 -0.7  2.1  0.8 -1.  -0.4  1.8  2.2  2.   2.3 -0.3 -0.7  3.2  2.9 -0.6  1.9 -0.1 -0.3 -0.1 -0.4  0.1 -0.2  1.6  1.2 -0.8  1.   1.2  1.6 -0.4 -0.3 -0.2 -0.4  0.4  1.4 -0.4 -0.9 -0.   4.5  0.5  2.5 -0.4  2.4 -0.6 -0.4 -0.8  1.7 -0.2 -0.3  1.4  2.2  0.1  2.  -0.2 -0.4 -0.7 -0.1 -0.5 -0.4 -1.2  0.6  0.6]
ty_50sample [[2 0 3 0 5 3 3 3 3]
 [7 7 7 3 7 7 9 7 7]
 [1 4 8 4 3 0 4 3 3]
 [2 2 2 0 0 0 4 5 2]
 [7 0 0 7 7 7 8 7 7]
 [2 6 6 6 0 6 6 6 6]
 [7 7 7 2 2 7 7 7 7]
 [0 0 6 2 6 6 5 3 7]
 [5 3 5 5 6 6 6 6 6]
 [5 5 1 6 0 5 5 5 5]]
tt_50sample [[5 0 3 3 7 9 3 5 2]
 [4 5 3 3 7 9 9 9 7]
 [3 4 1 1 0 7 8 4 3]
 [2 4 7 3 0 5 4 0 2]
 [8 0 3 7 1 7 8 0 7]
 [2 1 4 6 0 6 6 2 8]
 [3 7 7 2 2 1 7 0 7]
 [0 8 6 2 6 9 5 3 7]
 [5 4 3 5 7 6 6 9 3]
 [5 5 7 8 0 2 6 5 1]]
vm  [-0.1  0.5  1.8  0.5  0.5 -0.   3.4 -0.6 -0.3 -0.3 -0.4 -0.1  0.9 -0.4  1.3  0.  -1.1  2.1 -0.2 -0.6 -0.3 -0.5 -0.4  1.5 -0.8 -0.1 -0.   1.3 -0.1 -0.2  2.4 -0.3  0.8 -0.3 -0.1  3.1 -0.1  0.8 -1.   0.6 -0.9 -1.5  2.  -0.1 -0.5  1.1  2.8  0.3  0.5  2.  -0.2  0.8  2.   1.7 -0.8 -0.4 -0.2  1.6 -0.4  0.6 -0.6  0.4  0.4 -0.5 -0.4 -0.4  0.3 -0.6 -0.4  0.  -0.1  1.6 -0.1 -0.5 -0.4 -0.5  1.2 -0.4  1.  -0.8  2.7  0.8 -1.  -0.9 -1.2  1.5  1.8 -0.2  1.8 -0.1  0.6  0.4 -0.1  2.   1.3 -0.1  2.4  1.4 -0.6  0.5  1.8 -1.1  0.9 -0.  -0.2 -0.4 -1.  -0.2 -0.6  1.4  1.9  0.9  0.4 -0.7 -0.1 -0.   4.4  0.4 -0.7 -0.4 -0.9  1.8 -0.8  2.  -0.7  1.7  1.9 -0.7  1.6 -0.   0.8  0.2 -0.6  2.4  1.2 -0.3 -0.6 -0.8 -0.7 -0.5  0.9  0.2 -0.3  0.1 -0.4  6.8  0.   1.7  2.7 -0.1 -0.9  0.3  1.2 -0.8 -1.  -0.1 -0.7 -0.1  2.1  0.5 -0.4 -0.1 -0.2 -0.5  1.  -0.4  2.7 -0.3  2.   1.8 -0.6 -0.1  0.4 -0.5 -0.1 -0.8 -0.3 -0.4 -0.   1.5 -1.2 -0.6  1.7  1.1  0.   0.2 -0.2  3.1  3.8 -0.6 -0.2  1.8  0.5 -0.1 -0.2  3.3  0.3 -1.2  2.2 -0.6  0.5  0.  -0.1  2.6 -0.3 -0.6  0.   0.5 -0.2 -0.6  4.3 -0.5 -1.  -0.1  0.4 -0.3  3.8  1.1  0.7  0.3 -0.3  0.7 -0.4 -0.3  0.8  1.6  0.4 -0.2  4.3  0.6 -1.1  0.  -0.4  2.3  4.5 -0.  -0.4 -0.9 -0.4 -0.7 -0.2 -0.1 -1.   1.4 -1.1  2.5  1.3  3.2  2.1  0.2 -0.3 -0.1 -0.1 -0.3  0.1 -0. ]
vy_50sample [[6 6 6 6 6 5 6 6 6]
 [3 1 3 7 3 6 3 9 3]
 [1 1 8 1 1 7 1 1 1]
 [4 4 8 8 4 4 5 4 4]
 [3 8 0 0 3 5 5 8 5]
 [0 2 2 0 2 2 2 2 0]
 [0 0 0 0 0 0 0 0 0]
 [6 3 3 7 7 0 3 7 3]
 [0 0 0 1 0 7 0 0 0]
 [7 6 6 6 4 4 4 6 7]]
vt_50sample [[8 6 7 3 8 6 3 0 9]
 [6 0 2 3 7 7 6 7 5]
 [0 2 8 8 2 7 6 4 0]
 [6 4 5 6 8 8 3 7 1]
 [9 5 2 9 5 6 0 7 6]
 [0 6 2 3 4 4 0 5 7]
 [3 2 3 5 5 5 5 1 5]
 [6 4 2 1 1 1 3 9 9]
 [5 9 3 3 1 0 9 7 1]
 [3 0 9 0 7 8 6 5 8]]
Epoch   310: Training cost= 1.4103, Training acc= 0.2897, Validation cost= 3.0278, Validation acc= 0.1160
Epoch   320: Training cost= 1.4231, Training acc= 0.2954, Validation cost= 3.0231, Validation acc= 0.1158
Epoch   330: Training cost= 1.3637, Training acc= 0.3016, Validation cost= 3.0450, Validation acc= 0.1157
Epoch   340: Training cost= 1.4431, Training acc= 0.3074, Validation cost= 3.1657, Validation acc= 0.1157
Epoch   350: Training cost= 1.2753, Training acc= 0.3135, Validation cost= 3.1098, Validation acc= 0.1156
Epoch   360: Training cost= 1.2264, Training acc= 0.3206, Validation cost= 3.1731, Validation acc= 0.1155
Epoch   370: Training cost= 1.1767, Training acc= 0.3284, Validation cost= 3.2715, Validation acc= 0.1155
Epoch   380: Training cost= 1.1321, Training acc= 0.3365, Validation cost= 3.3919, Validation acc= 0.1155
Epoch   390: Training cost= 1.1879, Training acc= 0.3438, Validation cost= 3.5962, Validation acc= 0.1154
Epoch   400: Training cost= 1.2871, Training acc= 0.3485, Validation cost= 3.4512, Validation acc= 0.1154
tm  [ 0.5 -0.  -0.5  3.5  1.4  1.  -0.6  0.3 -0.4 -0.4  1.3  1.  -0.1 -0.7  0.6 -0.8 -0.2  1.5 -0.1 -0.4  3.3 -0.5  0.8  0.3 -0.3 -0.2  0.3  2.2 -0.  -0.5 -0.5 -0.5  0.1 -0.1  1.4  0.4  2.2 -0.6  1.5  1.3 -0.4 -0.6 -0.1 -0.  -0.7  1.9 -0.   2.7  2.1 -0.3 -0.1  2.3  0.7  3.2  0.8 -0.  -0.6 -0.1  0.7  1.1 -0.2 -0.3  2.1  0.8 -1.1 -0.   2.1 -0.1  1.6  1.7  1.4  4.  -0.9 -0.4 -1.   3.   1.6 -1.   1.1 -0.8 -0.4  1.1  0.6  0.8 -0.1 -0.8  1.5  0.2  0.5  2.1  0.4 -1.  -0.2 -1.  -0.6  2.  -0.1  1.2 -0.  -0.1  2.  -0.5  1.7  0.4 -0.2 -0.2 -1.2  1.5  3.2 -0.4 -0.  -0.4 -0.6 -0.2  3.2  2.7  0.9 -0.3  3.3 -0.8 -0.4  0.2 -0.5  3.5 -0.4  1.6  0.8 -0.5 -0.7  2.7  0.6 -0.5 -0.2 -1.3  1.8 -0.8  0.2 -0.1 -1.8 -0.2  2.5  3.4 -0.1 -0.6 -0.7 -0.4 -0.1 -0.2  2.3 -0.4  0.5 -0.4 -0.6 -0.2 -0.5 -0.5 -0.3 -0.1  3.1  0.4 -0.   0.   0.5  3.  -0.2 -0.5 -0.2  0.2 -0.  -0.4  1.4  4.2  1.7 -1.1 -0.9 -0.4 -0.8 -0.2 -0.9  0.4 -0.1 -0.7  1.1  1.6  0.   0.1 -0.7  0.8  0.   2.6  3.4  1.5 -0.8 -0.7 -0.3  2.4 -1.1  2.5  1.2 -1.  -0.6  2.4  1.9  2.3  2.4 -0.3 -1.   4.   3.2 -0.8  2.   0.1 -0.2 -0.1 -0.5 -0.2 -0.3  1.3  1.6 -1.   0.6  1.6  2.3 -0.3 -0.4 -0.3 -0.5  0.8  1.4 -0.5 -0.9 -0.1  5.2  0.6  3.1 -0.6  3.  -0.5 -0.5 -1.   1.7 -0.4 -0.6  1.2  2.7 -0.1  2.9 -0.3 -0.4 -0.5 -0.1 -0.6 -0.5 -1.4  1.2  0.9]
ty_50sample [[5 0 3 3 5 3 3 3 9]
 [4 5 3 3 7 9 9 9 9]
 [3 4 8 1 3 8 8 4 3]
 [2 2 2 3 0 0 4 5 2]
 [8 8 3 3 1 7 8 8 7]
 [2 8 4 6 0 8 2 2 6]
 [3 7 7 2 2 1 7 0 7]
 [0 8 6 2 6 9 5 3 7]
 [5 4 3 5 3 3 6 5 3]
 [5 5 1 8 1 5 5 5 5]]
tt_50sample [[5 0 3 3 7 9 3 5 2]
 [4 5 3 3 7 9 9 9 7]
 [3 4 1 1 0 7 8 4 3]
 [2 4 7 3 0 5 4 0 2]
 [8 0 3 7 1 7 8 0 7]
 [2 1 4 6 0 6 6 2 8]
 [3 7 7 2 2 1 7 0 7]
 [0 8 6 2 6 9 5 3 7]
 [5 4 3 5 7 6 6 9 3]
 [5 5 7 8 0 2 6 5 1]]
vm  [-0.   0.5  2.1  0.1  0.1 -0.   4.2 -0.9 -0.5 -0.2 -0.3 -0.4  0.9 -0.4  0.6 -0.  -1.4  2.6 -0.3 -0.6 -0.4 -0.6 -0.5  2.1 -0.8  0.3  0.7  1.3 -0.  -0.   2.3 -0.1  1.3 -0.4 -0.3  3.4 -0.2  1.  -1.1  0.2 -1.1 -1.8  2.6 -0.2 -0.5  1.9  3.2  0.5  0.7  2.5 -0.4  1.4  2.8  2.6 -1.  -0.7 -0.2  1.  -0.4 -0.1 -0.6  0.6  0.4 -0.5 -0.3 -0.5  0.4 -0.8 -0.4 -0.1 -0.1  1.9 -0.3 -0.2 -0.6 -0.3  1.6 -0.5  1.7 -1.   2.7  0.9 -1.1 -0.8 -1.2  2.   2.2 -0.3  2.3 -0.1  0.5  0.2 -0.1  2.2  1.4 -0.1  2.5  1.4 -0.6  0.5  2.3 -1.   0.5 -0.2 -0.2 -0.4 -1.3 -0.2 -0.5  2.6  2.2  0.9  0.  -0.9 -0.  -0.   4.3  0.4 -0.9 -0.4 -1.   1.4 -1.1  2.  -0.9  2.   2.3 -0.7  1.1  0.2  0.9  1.  -0.7  2.7  1.1 -0.2 -0.5 -0.9 -1.  -0.7  0.7  0.  -0.4 -0.1 -0.2  7.3  0.7  1.8  3.6 -0.  -0.9  0.7  1.7 -1.  -1.1  0.8 -1.  -0.1  2.   0.2 -0.3 -0.1 -0.2 -0.7  1.3 -0.4  3.2 -0.3  3.2  1.9 -0.7 -0.  -0.  -0.4 -0.1 -1.1 -0.5 -0.5 -0.1  2.  -1.6 -1.   1.5  1.2 -0.1  0.2 -0.3  4.1  4.2 -0.7 -0.3  2.1  0.6 -0.  -0.2  4.  -0.  -1.4  2.2 -0.6  0.5  0.6 -0.1  2.7 -0.4 -0.7  0.3 -0.2 -0.3 -1.   4.4 -0.7 -1.  -0.1  0.4 -0.5  4.4  1.1  1.4 -0.1 -0.3  1.3 -0.5 -0.3  1.2  2.   0.  -0.3  4.6  0.4 -1.5  0.2 -0.4  2.3  4.8  0.1 -0.6 -0.9 -0.3 -1.1 -0.1  0.2 -1.1  1.5 -1.1  2.6  1.4  3.5  3.1  0.9 -0.5 -0.1 -0.1 -0.4  0.1 -0.1]
vy_50sample [[6 6 6 6 5 5 5 6 6]
 [3 1 3 3 3 9 3 9 3]
 [8 1 8 8 1 3 1 1 1]
 [5 5 8 8 5 5 5 4 5]
 [3 3 5 3 3 5 5 3 5]
 [2 2 2 2 2 2 2 2 2]
 [2 0 0 0 0 0 0 2 9]
 [6 3 3 3 1 3 3 7 3]
 [0 0 9 1 1 1 0 9 0]
 [4 9 1 9 8 1 4 4 1]]
vt_50sample [[8 6 7 3 8 6 3 0 9]
 [6 0 2 3 7 7 6 7 5]
 [0 2 8 8 2 7 6 4 0]
 [6 4 5 6 8 8 3 7 1]
 [9 5 2 9 5 6 0 7 6]
 [0 6 2 3 4 4 0 5 7]
 [3 2 3 5 5 5 5 1 5]
 [6 4 2 1 1 1 3 9 9]
 [5 9 3 3 1 0 9 7 1]
 [3 0 9 0 7 8 6 5 8]]
Epoch   410: Training cost= 1.1517, Training acc= 0.3542, Validation cost= 3.3830, Validation acc= 0.1153
Epoch   420: Training cost= 1.0373, Training acc= 0.3614, Validation cost= 3.4684, Validation acc= 0.1153
Epoch   430: Training cost= 0.9715, Training acc= 0.3693, Validation cost= 3.5928, Validation acc= 0.1153
Epoch   440: Training cost= 0.9229, Training acc= 0.3776, Validation cost= 3.7106, Validation acc= 0.1153
Epoch   450: Training cost= 0.9067, Training acc= 0.3857, Validation cost= 3.9088, Validation acc= 0.1153
Epoch   460: Training cost= 0.9432, Training acc= 0.3924, Validation cost= 3.9936, Validation acc= 0.1152
Epoch   470: Training cost= 0.8863, Training acc= 0.3987, Validation cost= 3.9476, Validation acc= 0.1151
Epoch   480: Training cost= 0.8224, Training acc= 0.4058, Validation cost= 3.9553, Validation acc= 0.1151
Epoch   490: Training cost= 0.7764, Training acc= 0.4137, Validation cost= 4.0808, Validation acc= 0.1151
Epoch   500: Training cost= 0.8129, Training acc= 0.4212, Validation cost= 4.2227, Validation acc= 0.1151
tm  [ 1.   0.4 -0.8  3.5  1.7  1.3 -0.5  0.3 -0.6 -0.3  2.   0.3  0.2 -0.7  1.2 -1.1 -0.4  1.2 -0.5 -0.9  4.9 -0.6  0.9  0.1  0.2  0.   0.8  2.9  0.4 -0.5 -0.8 -0.3  0.2 -0.2  1.8  0.2  3.2 -0.8  2.1  1.7 -0.2 -0.6  0.8  0.3 -0.8  2.5  0.7  3.4  2.9 -0.8 -0.2  2.3  0.   4.   1.1 -0.2 -0.4 -0.1  0.4  1.7 -0.3 -0.4  2.9  0.6 -1.3  0.1  3.8 -0.1  2.3  2.5  2.2  5.9 -1.2 -0.6 -1.4  4.1  1.5 -1.3  1.4 -0.6 -0.6  1.2  0.3  1.2 -0.  -0.9  1.9 -0.   0.8  3.1 -0.  -1.1 -0.  -1.5 -0.6  2.7 -0.1  1.3  1.  -0.3  3.5 -0.6  1.6  0.7 -0.2 -0.1 -1.7  2.5  4.4 -0.4 -0.1 -0.3 -0.7 -0.4  3.5  3.3  0.9 -0.1  4.1 -0.9 -0.6  0.1 -0.7  4.  -0.7  1.6  2.2 -0.5 -0.6  2.6  1.7 -0.1 -0.2 -1.7  2.7 -1.2  0.  -0.3 -2.3 -0.1  2.6  4.4 -0.  -0.7 -0.9 -0.2 -0.2 -0.2  2.8 -0.4  1.6 -0.6 -0.9 -0.1 -0.9 -0.6 -0.5 -0.3  4.7  0.2  0.6 -0.1  1.2  2.2 -0.2 -0.5 -0.5  0.4 -0.1 -0.6  2.2  5.3  3.  -1.2 -0.8 -0.4 -1.  -0.1 -1.   0.9  0.1 -0.9  0.3  2.3  0.1 -0.2 -1.   0.9  0.4  4.7  3.5  1.6 -0.8 -0.9 -0.5  2.8 -1.1  3.9  1.4 -1.4 -0.5  3.   2.1  2.8  2.5 -0.1 -1.1  5.1  3.6 -1.   1.8  1.  -0.5 -0.3 -0.4 -0.1 -0.6  0.7  1.7 -1.4  0.4  2.2  2.5 -0.3 -0.4 -0.4 -0.1  1.1  1.3 -0.5 -1.  -0.1  6.9  1.2  3.8 -0.8  3.7 -0.7 -0.5 -1.3  1.8 -0.4 -0.6  1.9  3.3 -0.1  2.9 -0.2 -0.5 -0.5  0.  -1.2 -0.8 -1.8  2.5  1.2]
ty_50sample [[5 0 3 3 7 3 3 7 2]
 [4 5 3 3 7 9 9 9 7]
 [3 4 1 1 0 8 8 4 3]
 [2 2 2 3 0 0 4 5 2]
 [8 0 3 7 1 7 8 0 7]
 [2 8 6 6 0 6 6 2 6]
 [3 7 7 2 2 1 7 0 7]
 [0 8 6 2 6 8 5 3 7]
 [5 4 3 5 6 6 6 9 3]
 [5 5 7 8 0 2 6 5 1]]
tt_50sample [[5 0 3 3 7 9 3 5 2]
 [4 5 3 3 7 9 9 9 7]
 [3 4 1 1 0 7 8 4 3]
 [2 4 7 3 0 5 4 0 2]
 [8 0 3 7 1 7 8 0 7]
 [2 1 4 6 0 6 6 2 8]
 [3 7 7 2 2 1 7 0 7]
 [0 8 6 2 6 9 5 3 7]
 [5 4 3 5 7 6 6 9 3]
 [5 5 7 8 0 2 6 5 1]]
vm  [ 0.2  0.8  2.8  0.9  0.2  0.4  6.2 -1.2 -0.7  0.4 -0.3 -0.5  1.  -0.3  1.3 -0.  -2.   2.9 -0.3 -0.8 -0.6 -0.7 -0.6  1.8 -1.1  0.8  1.8  1.9  0.5 -0.1  2.8 -0.4  1.9 -0.2 -0.6  4.9 -0.4  1.8 -1.2  1.1 -1.3 -2.5  3.5 -0.3 -0.6  2.   4.3  0.6  0.4  3.2 -0.4  2.   3.5  3.3 -1.3 -1.  -0.1  0.4 -0.5 -0.  -0.7  1.2  0.6 -0.7 -0.3 -0.7 -0.  -0.9 -0.5  0.2  0.5  2.2 -0.4 -0.2 -0.8 -0.5  2.9 -0.6  2.2 -1.3  3.6  1.1 -1.5 -1.  -1.6  2.5  2.5 -0.5  2.9 -0.1  0.8  0.3 -0.1  3.2  2.6 -0.3  3.4  2.4 -1.   0.4  2.6 -1.1  1.  -0.3  0.1 -0.5 -1.5 -0.3 -1.   2.9  3.1  1.9  0.6 -1.3 -0.   0.1  5.5  0.8 -1.2 -0.4 -1.2  1.8 -1.6  2.7 -1.1  2.3  3.5 -0.9  1.3  0.8  1.   1.9 -1.   3.7  0.8 -0.3 -0.6 -1.1 -1.1 -0.7  0.1  0.  -0.5  0.2 -0.4  9.6  1.5  2.8  4.3  0.3 -1.2  1.1  2.8 -1.3 -1.3  0.5 -1.4 -0.   2.4  0.6 -0.6 -0.   0.  -1.3  2.1 -0.4  4.6 -0.2  5.1  2.6 -1.  -0.1 -0.  -0.5  0.4 -1.6 -0.5 -0.6 -0.1  2.5 -2.2 -1.5  1.1  1.8 -0.4  1.2 -0.3  5.1  5.5 -1.  -0.5  2.7  0.9  0.6 -0.3  5.2  0.1 -1.5  2.1 -1.   0.8  1.1 -0.1  3.5 -0.5 -0.9  1.  -0.3 -0.5 -1.3  5.3 -0.8 -1.3 -0.1  0.1 -0.8  5.9  1.5  1.7 -0.  -0.4  2.1 -0.4 -0.3  1.3  2.7 -0.1 -0.4  6.2  0.5 -1.9  0.6 -0.6  3.7  5.9  0.6 -0.7 -1.2 -0.4 -1.4 -0.1  0.3 -1.2  2.2 -1.5  3.4  2.1  4.9  4.8  0.6 -0.8 -0.3  0.3 -0.4  0.8  0.7]
vy_50sample [[6 6 8 6 6 8 5 8 6]
 [3 3 3 3 3 9 3 9 3]
 [8 3 8 8 3 3 8 1 8]
 [5 5 8 8 8 2 5 8 8]
 [5 3 0 3 3 5 5 5 5]
 [2 2 2 2 2 2 2 2 2]
 [2 0 2 0 0 2 0 2 2]
 [6 3 3 3 7 3 3 7 3]
 [0 0 0 0 0 0 0 0 0]
 [4 8 8 4 8 4 4 4 4]]
vt_50sample [[8 6 7 3 8 6 3 0 9]
 [6 0 2 3 7 7 6 7 5]
 [0 2 8 8 2 7 6 4 0]
 [6 4 5 6 8 8 3 7 1]
 [9 5 2 9 5 6 0 7 6]
 [0 6 2 3 4 4 0 5 7]
 [3 2 3 5 5 5 5 1 5]
 [6 4 2 1 1 1 3 9 9]
 [5 9 3 3 1 0 9 7 1]
 [3 0 9 0 7 8 6 5 8]]
Epoch   510: Training cost= 0.7641, Training acc= 0.4274, Validation cost= 4.2464, Validation acc= 0.1150
Epoch   520: Training cost= 0.6720, Training acc= 0.4347, Validation cost= 4.2492, Validation acc= 0.1150
Epoch   530: Training cost= 0.6072, Training acc= 0.4429, Validation cost= 4.3557, Validation acc= 0.1149
Epoch   540: Training cost= 0.5710, Training acc= 0.4511, Validation cost= 4.5354, Validation acc= 0.1149
Epoch   550: Training cost= 0.5835, Training acc= 0.4588, Validation cost= 4.6779, Validation acc= 0.1148
Epoch   560: Training cost= 0.7196, Training acc= 0.4645, Validation cost= 4.6339, Validation acc= 0.1147
Epoch   570: Training cost= 0.6425, Training acc= 0.4701, Validation cost= 4.4626, Validation acc= 0.1146
Epoch   580: Training cost= 0.5295, Training acc= 0.4769, Validation cost= 4.5134, Validation acc= 0.1146
Epoch   590: Training cost= 0.4577, Training acc= 0.4843, Validation cost= 4.6641, Validation acc= 0.1145
Epoch   600: Training cost= 0.4182, Training acc= 0.4919, Validation cost= 4.8365, Validation acc= 0.1145
tm  [ 1.  -0.  -1.2  4.2  1.4  1.2 -0.6 -0.1 -0.5 -0.5  2.  -0.   0.5 -0.7  0.8 -1.2 -0.3  0.9 -0.6 -1.1  6.3 -0.4  0.5  0.3  0.6  0.4  1.5  3.4  0.5 -0.4 -0.9 -0.3 -0.1 -0.4  1.9  0.3  3.8 -0.7  2.7  2.3 -0.1 -0.7  0.6 -0.1 -1.   3.   1.2  3.9  2.8 -0.7 -0.4  2.1 -0.   4.7  1.3 -0.3 -0.3 -0.3  0.4  1.6 -0.1 -0.7  3.6  0.4 -1.6 -0.1  4.3 -0.   2.4  2.7  2.8  8.  -1.4 -0.8 -1.7  4.5  1.7 -1.5  1.3 -0.8 -0.6  2.  -0.1  0.6 -0.  -0.7  2.5  0.1  0.7  3.6 -0.  -1.5 -0.  -1.8 -0.6  3.7 -0.2  1.3  0.1 -0.2  3.8 -0.7  1.2  0.6 -0.2 -0.4 -2.2  3.5  4.3 -0.7 -0.2 -0.4 -0.6 -0.6  4.   4.1  1.9 -0.2  4.8 -1.1 -0.8 -0.2 -0.8  4.4 -0.7  2.3  2.6 -0.6 -0.7  2.9  2.6 -0.1 -0.3 -1.8  2.8 -1.5 -0.2 -0.4 -2.8 -0.   2.4  4.4 -0.2 -0.6 -0.9 -0.   0.2 -0.3  3.1 -0.1  1.7 -0.6 -1.  -0.1 -1.  -0.7 -0.5 -0.7  5.5  0.3  1.1 -0.1  1.   1.9 -0.3 -0.6 -0.7  0.9 -0.3 -0.5  3.3  6.   3.5 -1.2 -0.9 -0.6 -1.4 -0.2 -1.2  1.  -0.1 -1.1  0.3  2.2 -0.1  0.2 -1.2  0.3  0.2  5.2  3.9  0.8 -0.7 -1.  -0.7  3.3 -1.5  4.3  1.2 -1.7 -0.9  3.7  2.   3.5  2.8 -0.1 -1.4  5.7  3.7 -1.2  2.1  1.4 -0.8 -0.2 -0.7 -0.2 -0.7  0.7  1.9 -1.5  0.   2.5  3.2 -0.3 -0.5 -0.5 -0.2  1.4  1.7 -0.7 -1.  -0.2  8.1  1.   4.7 -0.8  3.8 -0.8 -0.7 -1.4  2.  -0.5 -0.7  2.1  3.5 -0.1  3.4 -0.2 -0.4 -0.5  0.3 -1.4 -0.9 -2.1  4.1  1.8]
ty_50sample [[5 0 3 3 7 9 3 9 2]
 [4 5 4 3 7 9 9 9 7]
 [3 4 1 1 0 7 8 4 3]
 [2 4 7 3 0 0 4 5 2]
 [8 0 3 7 1 7 8 0 7]
 [2 1 4 6 0 6 6 2 8]
 [3 7 7 2 2 1 7 0 7]
 [0 8 6 2 6 9 5 3 7]
 [5 4 3 5 6 6 6 9 3]
 [5 5 7 8 0 2 6 5 1]]
tt_50sample [[5 0 3 3 7 9 3 5 2]
 [4 5 3 3 7 9 9 9 7]
 [3 4 1 1 0 7 8 4 3]
 [2 4 7 3 0 5 4 0 2]
 [8 0 3 7 1 7 8 0 7]
 [2 1 4 6 0 6 6 2 8]
 [3 7 7 2 2 1 7 0 7]
 [0 8 6 2 6 9 5 3 7]
 [5 4 3 5 7 6 6 9 3]
 [5 5 7 8 0 2 6 5 1]]
vm  [ 0.7  0.7  3.2  0.2  0.1  0.6  7.4 -1.5 -0.8  1.  -0.6 -0.6  0.7 -0.2  1.3 -0.1 -2.3  2.9 -0.4 -1.  -0.7 -0.6 -0.4  2.4 -1.3  0.5  2.4  2.   1.  -0.3  3.5 -0.7  2.5 -0.1 -0.7  5.6 -0.5  2.  -1.2  1.8 -1.2 -2.8  4.5 -0.3 -0.7  2.4  5.6  0.6  0.3  4.1 -0.6  2.3  3.9  4.2 -1.6 -1.3 -0.3 -0.2 -0.4 -0.  -0.9  1.9  0.4 -0.7 -0.4 -0.9 -0.1 -0.9 -0.6 -0.1  0.4  2.8 -0.5 -0.2 -0.7 -0.5  3.5 -0.7  3.  -1.6  3.8  1.3 -1.8 -1.4 -1.9  2.9  3.1 -0.7  3.4 -0.1  0.5  0.5 -0.3  4.1  3.2 -0.4  4.6  2.3 -1.2  0.4  3.3 -1.1  1.5 -0.3  0.6 -0.6 -1.8 -0.4 -1.1  2.8  3.6  2.   0.8 -1.6 -0.1  0.6  6.   0.6 -1.7 -0.5 -1.5  1.9 -2.   2.9 -1.2  2.5  4.  -0.9  1.7  1.1  1.1  2.  -1.2  4.   0.4 -0.4 -0.7 -1.3 -1.3 -0.9 -0.  -0.  -0.6  0.3 -0.5 11.   2.2  3.1  4.5  0.6 -1.5  0.6  4.1 -1.7 -1.4  0.2 -1.7 -0.4  1.9  1.3 -0.6 -0.   0.4 -1.8  2.6 -0.6  5.  -0.1  6.7  2.8 -1.2 -0.1 -0.  -0.6  0.6 -1.8 -0.8 -0.7 -0.3  2.7 -2.5 -1.9  0.4  2.2 -0.7  1.5 -0.4  6.2  6.4 -1.3 -0.5  3.2  1.4  0.9 -0.4  5.9  0.6 -1.9  1.8 -1.3  1.2  1.5 -0.3  4.1 -0.5 -1.   0.6 -0.6 -0.5 -1.6  5.6 -0.8 -1.6 -0.2 -0.1 -0.9  7.2  2.2  2.   0.  -0.5  3.4 -0.5 -0.3  1.8  3.6 -0.2 -0.5  6.8  0.9 -2.3  0.6 -0.7  4.3  7.5  1.3 -0.9 -1.4 -0.4 -1.6 -0.1  0.8 -1.3  2.8 -1.5  4.6  2.4  5.6  5.4  0.9 -0.8 -0.4  0.9 -0.4  1.2  1.5]
vy_50sample [[6 4 6 6 5 5 5 2 6]
 [7 9 2 8 7 9 3 9 3]
 [8 1 8 8 3 3 8 1 8]
 [5 4 8 8 4 4 5 8 8]
 [5 5 0 5 3 5 5 5 5]
 [2 2 2 2 2 2 6 2 2]
 [2 0 2 0 0 9 0 9 9]
 [6 4 3 7 7 3 3 7 4]
 [0 0 0 0 0 0 0 0 0]
 [4 4 4 4 4 4 4 4 4]]
vt_50sample [[8 6 7 3 8 6 3 0 9]
 [6 0 2 3 7 7 6 7 5]
 [0 2 8 8 2 7 6 4 0]
 [6 4 5 6 8 8 3 7 1]
 [9 5 2 9 5 6 0 7 6]
 [0 6 2 3 4 4 0 5 7]
 [3 2 3 5 5 5 5 1 5]
 [6 4 2 1 1 1 3 9 9]
 [5 9 3 3 1 0 9 7 1]
 [3 0 9 0 7 8 6 5 8]]
Epoch   610: Training cost= 0.4127, Training acc= 0.4994, Validation cost= 4.9681, Validation acc= 0.1144
Epoch   620: Training cost= 0.3721, Training acc= 0.5065, Validation cost= 5.1298, Validation acc= 0.1143
Epoch   630: Training cost= 0.3814, Training acc= 0.5134, Validation cost= 5.2030, Validation acc= 0.1143
Epoch   640: Training cost= 0.3469, Training acc= 0.5204, Validation cost= 5.2467, Validation acc= 0.1142
Epoch   650: Training cost= 0.3019, Training acc= 0.5274, Validation cost= 5.4294, Validation acc= 0.1141
Epoch   660: Training cost= 0.2665, Training acc= 0.5343, Validation cost= 5.5561, Validation acc= 0.1141
Epoch   670: Training cost= 0.3331, Training acc= 0.5409, Validation cost= 5.7733, Validation acc= 0.1140
Epoch   680: Training cost= 0.5131, Training acc= 0.5457, Validation cost= 5.5127, Validation acc= 0.1139
Epoch   690: Training cost= 0.3636, Training acc= 0.5507, Validation cost= 5.3602, Validation acc= 0.1139
Epoch   700: Training cost= 0.2729, Training acc= 0.5565, Validation cost= 5.4403, Validation acc= 0.1138
tm  [ 0.6 -0.1 -1.4  5.2  0.9  1.3 -0.8 -0.4 -0.7 -0.6  3.  -0.1 -0.  -0.7  0.8 -1.5 -0.4  0.9 -0.7 -1.4  6.9 -0.6  0.5  0.5  1.1  0.4  2.6  4.   0.7 -0.3 -1.2 -0.1 -0.1 -0.5  2.9 -0.   5.2 -0.9  3.1  2.5  0.3 -0.9  0.4  0.3 -1.   2.6  1.3  5.1  2.5 -0.7 -0.7  1.6 -0.2  4.9  1.4 -0.3 -0.2 -0.5  0.2  0.6 -0.  -0.7  3.9  0.8 -1.4 -0.2  4.7 -0.   2.9  2.8  3.1  9.2 -1.6 -0.9 -1.8  4.7  1.7 -1.7  2.1 -1.  -0.9  2.  -0.1  0.5 -0.  -1.   2.5 -0.1  0.7  4.3  0.1 -1.7  0.3 -2.1 -0.6  3.3  0.1  1.1  0.2 -0.2  4.7 -0.7  1.3  0.7 -0.3 -0.4 -2.2  4.   5.5 -0.9 -0.3 -0.3 -0.7 -0.8  4.8  3.7  1.3  0.1  5.3 -1.1 -0.8 -0.3 -1.   4.1 -0.9  2.   3.3 -0.6 -0.7  3.2  2.7  0.  -0.3 -2.1  3.1 -1.6  0.1 -0.3 -3.   0.6  2.4  4.7 -0.3 -0.6 -1.  -0.1 -0.1 -0.5  3.6 -0.2  1.9 -0.8 -1.1 -0.3 -1.3 -0.9 -0.7 -0.7  5.8  0.8  0.7 -0.2  1.1  1.7 -0.4 -0.5 -0.8  1.3 -0.4 -0.7  2.6  7.1  3.6 -1.3 -0.9 -0.7 -1.7 -0.2 -1.3  0.5 -0.  -1.4 -0.1  1.9 -0.1 -0.1 -1.5  0.6 -0.1  5.9  4.   0.1 -0.7 -1.1 -0.7  4.  -1.7  5.3  1.4 -1.8 -1.1  4.2  2.1  4.   2.4 -0.1 -1.5  6.6  3.9 -1.4  1.7  1.5 -1.1 -0.2 -0.7 -0.1 -0.9  0.2  2.  -1.9  0.3  3.2  3.8 -0.4 -0.5 -0.7 -0.   1.6  1.5 -0.8 -0.8 -0.1  9.2  1.6  5.2 -0.9  4.8 -0.9 -0.8 -1.4  1.7 -0.5 -0.8  2.   4.1  0.1  4.  -0.4 -0.6 -0.5 -0.2 -1.7 -1.1 -2.4  4.4  2.6]
ty_50sample [[5 0 3 3 7 3 3 5 2]
 [4 5 3 3 7 9 9 9 7]
 [3 4 1 1 0 7 8 4 3]
 [2 4 7 3 0 5 4 5 2]
 [8 0 3 7 1 7 8 0 7]
 [2 1 4 6 0 1 6 2 8]
 [3 7 7 2 2 1 7 0 7]
 [0 8 6 2 6 9 5 3 7]
 [5 4 3 5 7 6 6 9 3]
 [5 5 7 8 0 2 6 5 1]]
tt_50sample [[5 0 3 3 7 9 3 5 2]
 [4 5 3 3 7 9 9 9 7]
 [3 4 1 1 0 7 8 4 3]
 [2 4 7 3 0 5 4 0 2]
 [8 0 3 7 1 7 8 0 7]
 [2 1 4 6 0 6 6 2 8]
 [3 7 7 2 2 1 7 0 7]
 [0 8 6 2 6 9 5 3 7]
 [5 4 3 5 7 6 6 9 3]
 [5 5 7 8 0 2 6 5 1]]
vm  [ 0.6  1.4  3.5 -0.1 -0.1  1.3  7.5 -1.5 -0.7  0.7 -0.5 -0.8  1.1 -0.1  1.6 -0.  -2.5  2.5 -0.4 -0.9 -0.8 -0.7 -0.3  2.3 -1.3 -0.1  3.6  1.7  1.3 -0.3  3.3 -0.7  3.  -0.1 -0.7  5.3 -0.5  1.7 -1.3  1.8 -1.3 -2.8  4.2 -0.5 -0.8  2.9  5.8  0.   0.   3.9 -0.7  2.7  4.6  4.2 -1.6 -1.4 -0.5 -0.5 -0.1  0.  -0.7  1.9  0.9 -0.6 -0.3 -1.  -0.2 -1.  -0.3  0.1  0.3  3.1 -0.5 -0.1 -0.8 -0.6  4.1 -0.9  3.2 -1.7  3.9  1.7 -1.9 -1.4 -2.   2.7  3.4 -0.7  3.2 -0.   0.4  0.4 -0.2  4.8  3.6 -0.4  5.   1.8 -1.2  0.2  3.3 -1.   1.9 -0.4 -0.  -0.7 -1.9 -0.5 -1.1  3.2  4.3  1.9  1.2 -2.   0.2  0.5  4.7  0.8 -2.  -0.4 -1.4  1.2 -2.2  3.3 -1.4  2.8  3.5 -1.   1.5  0.9  1.   1.9 -1.2  4.1  0.6 -0.5 -0.6 -1.4 -1.6 -1.1  0.3  0.8 -0.9 -0.1 -0.6 10.9  2.9  4.1  4.7 -0.1 -1.5  0.   5.1 -1.8 -1.4  0.6 -1.9 -0.6  1.8  1.1 -0.7 -0.3  0.4 -2.   2.7 -0.4  5.7 -0.2  7.9  3.3 -1.2  0.4  0.2 -0.7  0.4 -1.8 -1.  -0.8 -0.3  3.3 -2.7 -2.2  0.7  2.6 -0.9  2.2 -0.6  7.   7.1 -1.3 -0.6  3.4  0.8  0.9 -0.4  6.1 -0.2 -2.   1.2 -1.2  1.5  2.  -0.2  3.9 -0.6 -1.1 -0.  -0.8 -0.2 -1.7  5.6 -0.9 -1.7  0.3 -0.1 -1.1  7.3  2.2  1.8 -0.  -0.5  3.8 -0.6 -0.4  1.8  4.5 -0.2 -0.6  6.9  1.2 -2.5  1.4 -0.7  5.   8.   2.  -0.8 -1.6 -0.4 -2.   0.5  1.1 -1.5  2.4 -1.4  5.4  2.6  5.7  5.3  0.6 -0.7 -0.3  1.1 -0.6  1.4  1.6]
vy_50sample [[6 5 6 6 5 5 5 3 6]
 [3 9 2 8 7 9 3 9 3]
 [8 0 8 8 3 3 3 1 8]
 [5 9 8 8 4 2 5 8 4]
 [5 3 0 3 3 5 5 5 5]
 [6 6 6 6 2 2 6 2 6]
 [2 0 2 0 0 8 0 9 9]
 [6 3 3 3 7 3 3 7 3]
 [0 0 1 0 1 0 0 0 0]
 [4 4 4 4 3 4 4 4 4]]
vt_50sample [[8 6 7 3 8 6 3 0 9]
 [6 0 2 3 7 7 6 7 5]
 [0 2 8 8 2 7 6 4 0]
 [6 4 5 6 8 8 3 7 1]
 [9 5 2 9 5 6 0 7 6]
 [0 6 2 3 4 4 0 5 7]
 [3 2 3 5 5 5 5 1 5]
 [6 4 2 1 1 1 3 9 9]
 [5 9 3 3 1 0 9 7 1]
 [3 0 9 0 7 8 6 5 8]]
Epoch   710: Training cost= 0.2477, Training acc= 0.5625, Validation cost= 5.5548, Validation acc= 0.1138
Epoch   720: Training cost= 0.2186, Training acc= 0.5684, Validation cost= 5.7201, Validation acc= 0.1137
Epoch   730: Training cost= 0.1796, Training acc= 0.5742, Validation cost= 5.8276, Validation acc= 0.1137
Epoch   740: Training cost= 0.1665, Training acc= 0.5799, Validation cost= 5.9293, Validation acc= 0.1136
Epoch   750: Training cost= 0.1678, Training acc= 0.5855, Validation cost= 6.0522, Validation acc= 0.1136
Epoch   760: Training cost= 0.1552, Training acc= 0.5909, Validation cost= 6.1572, Validation acc= 0.1135
Epoch   770: Training cost= 0.1379, Training acc= 0.5962, Validation cost= 6.2757, Validation acc= 0.1134
Epoch   780: Training cost= 0.1280, Training acc= 0.6014, Validation cost= 6.3781, Validation acc= 0.1134
Epoch   790: Training cost= 0.1149, Training acc= 0.6064, Validation cost= 6.4658, Validation acc= 0.1133
Epoch   800: Training cost= 0.1015, Training acc= 0.6113, Validation cost= 6.5859, Validation acc= 0.1133
tm  [ 0.8 -0.  -1.7  6.6  0.9  0.9 -0.7 -0.3 -0.6 -0.8  3.6 -0.  -0.1 -0.8  1.6 -1.5 -0.3  0.9 -0.9 -1.5  8.3 -0.5  0.2  1.1  2.1  0.3  3.6  4.8  0.7 -0.4 -1.1  0.3 -0.2 -0.6  3.   0.3  5.6 -1.   4.2  3.5  0.5 -0.7  1.  -0.2 -1.2  3.8  2.   5.2  3.2 -0.6 -0.6  2.  -0.2  5.2  1.6 -0.5 -0.3 -0.3  0.5  0.3  0.5 -0.8  4.7  1.2 -1.5 -0.2  6.7 -0.1  3.6  4.3  3.4 11.  -1.7 -1.  -2.   5.6  1.9 -1.8  1.5 -1.1 -0.9  2.6 -0.3  1.  -0.  -0.7  3.6 -0.1  0.9  5.  -0.  -1.9  0.1 -2.4 -0.8  4.3 -0.   1.1 -0.3 -0.1  5.8 -0.9  1.2  1.1 -0.2 -0.6 -2.2  6.1  6.3 -1.  -0.6 -0.5 -0.7 -0.9  4.8  5.   2.3  0.5  6.9 -1.6 -0.9 -0.2 -1.4  4.9 -0.9  2.5  3.7 -0.7 -0.5  3.2  3.4  0.5 -0.3 -2.3  3.7 -1.7 -0.1 -0.3 -3.7  0.6  3.   4.7 -0.3 -0.6 -1.1 -0.1  0.1 -0.7  4.1  1.1  2.3 -0.9 -1.1 -0.3 -1.4 -1.  -0.4 -0.9  6.8  0.8  0.9 -0.3  2.   2.9 -0.6 -0.2 -0.9  1.8 -0.3 -0.8  3.4  8.3  3.5 -1.5 -1.1 -0.7 -1.7 -0.4 -1.7  1.1 -0.  -1.9  0.2  2.6  0.3  0.1 -1.5  0.2 -0.   6.3  5.3 -0.3 -0.6 -1.3 -1.   4.4 -1.9  6.9  2.2 -2.1 -1.2  5.5  2.6  5.2  2.7  0.2 -1.8  7.   4.9 -1.6  3.2  1.  -1.3 -0.3 -0.8 -0.4 -1.3 -0.1  3.7 -2.2 -0.   3.4  4.2 -0.4 -0.7 -0.7  0.9  2.1  1.7 -0.7 -0.8 -0.3 10.8  1.8  6.6 -1.   5.5 -0.8 -0.8 -1.2  2.2 -0.7 -1.   3.1  4.   0.8  4.3 -0.4 -0.5 -0.5 -0.2 -1.7 -1.3 -2.9  5.3  3.1]
ty_50sample [[5 0 3 3 7 9 3 5 2]
 [4 5 3 3 7 9 9 9 7]
 [3 4 1 1 0 7 8 4 3]
 [2 4 7 3 0 5 4 0 2]
 [8 0 3 7 1 7 8 0 7]
 [2 1 4 6 0 6 6 2 8]
 [3 7 7 2 2 1 7 0 7]
 [0 8 6 2 6 9 5 3 7]
 [5 4 3 5 7 6 6 9 3]
 [5 5 7 8 0 2 6 5 1]]
tt_50sample [[5 0 3 3 7 9 3 5 2]
 [4 5 3 3 7 9 9 9 7]
 [3 4 1 1 0 7 8 4 3]
 [2 4 7 3 0 5 4 0 2]
 [8 0 3 7 1 7 8 0 7]
 [2 1 4 6 0 6 6 2 8]
 [3 7 7 2 2 1 7 0 7]
 [0 8 6 2 6 9 5 3 7]
 [5 4 3 5 7 6 6 9 3]
 [5 5 7 8 0 2 6 5 1]]
vm  [ 1.7  1.   4.3  0.1 -0.   1.   8.1 -1.7 -0.7  1.  -0.8 -0.9  0.9 -0.2  2.  -0.2 -2.7  2.6 -0.3 -1.  -0.6 -0.5 -0.5  4.4 -1.5 -0.   4.3  1.9  1.8 -0.4  3.7 -0.9  3.4 -0.2 -0.7  6.3 -0.5  2.1 -1.2  2.7 -1.6 -3.   5.3 -0.3 -1.   2.9  6.3 -0.1  0.4  3.8 -0.7  3.1  4.6  5.2 -1.9 -1.6 -0.4 -0.4 -0.1  1.3 -0.9  2.7  1.3 -0.7 -0.3 -0.9 -0.  -1.2 -0.4  0.5  0.9  2.9 -0.7 -0.3 -0.9 -0.4  4.8 -1.   3.8 -1.8  3.7  2.5 -2.4 -1.8 -2.2  2.9  3.8 -0.5  3.7 -0.  -0.   0.6 -0.2  5.   4.  -0.5  5.8  1.6 -1.5  0.7  4.5 -1.1  2.9 -0.2  0.5 -0.5 -2.  -0.7 -1.2  2.9  4.5  1.9  0.9 -2.  -0.1  1.4  6.2  1.1 -2.  -0.7 -1.6  1.7 -2.6  4.3 -1.3  3.4  4.2 -0.9  2.4  1.7  1.9  1.8 -1.3  4.2  0.7 -0.3 -0.8 -1.7 -1.8 -1.1  0.1  1.2 -0.7 -0.1 -0.8 12.1  3.2  4.1  4.7  1.2 -1.7 -0.1  4.7 -2.2 -1.6 -0.  -2.2 -0.9  1.8  2.5 -0.8 -0.2  0.1 -2.4  3.  -0.5  5.5 -0.1  8.7  3.7 -1.2  0.4  0.8 -0.7  0.5 -2.  -1.  -1.  -0.3  3.8 -2.9 -2.1  0.5  2.5 -1.   2.8 -0.5  7.5  8.2 -1.3 -0.5  4.4  0.7  1.  -0.6  6.5 -0.1 -2.   0.9 -1.6  1.2  2.5 -0.2  5.2 -0.4 -0.8 -0.1 -0.9 -0.2 -2.1  6.1 -0.9 -1.9  0.5 -0.4 -1.   8.   2.8  2.2  0.3 -0.7  4.7 -0.6 -0.4  2.9  5.1 -0.2 -0.7  8.1  2.  -2.8  0.9 -0.7  5.6  9.6  3.8 -0.8 -1.8 -0.5 -1.8 -0.1  0.9 -1.4  3.1 -1.4  6.2  3.5  6.6  6.3  1.  -1.1 -0.2  1.5 -0.6  2.3  1.5]
vy_50sample [[6 5 5 6 5 5 5 2 6]
 [3 9 2 8 7 9 9 9 3]
 [8 0 8 8 3 7 8 1 8]
 [8 9 8 8 8 2 8 8 8]
 [5 3 0 3 3 5 5 0 5]
 [6 6 6 6 2 2 6 2 6]
 [2 0 2 0 0 9 0 9 9]
 [6 3 3 7 7 3 3 7 3]
 [0 0 1 1 1 0 0 0 0]
 [2 9 4 4 3 4 4 4 1]]
vt_50sample [[8 6 7 3 8 6 3 0 9]
 [6 0 2 3 7 7 6 7 5]
 [0 2 8 8 2 7 6 4 0]
 [6 4 5 6 8 8 3 7 1]
 [9 5 2 9 5 6 0 7 6]
 [0 6 2 3 4 4 0 5 7]
 [3 2 3 5 5 5 5 1 5]
 [6 4 2 1 1 1 3 9 9]
 [5 9 3 3 1 0 9 7 1]
 [3 0 9 0 7 8 6 5 8]]
Epoch   810: Training cost= 0.0931, Training acc= 0.6161, Validation cost= 6.7074, Validation acc= 0.1132
Epoch   820: Training cost= 0.0865, Training acc= 0.6208, Validation cost= 6.8116, Validation acc= 0.1131
Epoch   830: Training cost= 0.0805, Training acc= 0.6254, Validation cost= 6.9116, Validation acc= 0.1131
Epoch   840: Training cost= 0.0760, Training acc= 0.6298, Validation cost= 7.0147, Validation acc= 0.1130
Epoch   850: Training cost= 0.0748, Training acc= 0.6342, Validation cost= 7.0886, Validation acc= 0.1130
Epoch   860: Training cost= 0.0742, Training acc= 0.6384, Validation cost= 7.1924, Validation acc= 0.1129
Epoch   870: Training cost= 0.0809, Training acc= 0.6426, Validation cost= 7.2299, Validation acc= 0.1128
Epoch   880: Training cost= 0.0870, Training acc= 0.6466, Validation cost= 7.2928, Validation acc= 0.1128
Epoch   890: Training cost= 0.0681, Training acc= 0.6506, Validation cost= 7.3173, Validation acc= 0.1128
Epoch   900: Training cost= 0.0946, Training acc= 0.6544, Validation cost= 7.4039, Validation acc= 0.1127
tm  [ 1.  -0.2 -1.9  7.2  1.3  1.3 -0.8 -0.3 -0.7 -0.8  3.4  0.  -0.2 -0.8  1.2 -1.6 -0.2  0.7 -0.9 -1.5  9.1 -0.5 -0.   1.3  2.1  0.2  4.2  5.   0.7 -0.4 -1.1 -0.1 -0.2 -0.5  3.3  0.6  5.7 -1.   4.4  4.1  0.6 -0.7  1.  -0.3 -1.2  3.8  1.8  5.9  2.6 -0.6 -0.8  2.3 -0.2  5.4  1.7 -0.5 -0.3 -0.5  0.2  0.6  0.4 -0.8  5.   1.1 -1.5 -0.2  6.9  0.1  3.9  4.5  3.7 12.  -1.6 -1.1 -2.   5.4  2.7 -1.8  1.6 -1.4 -0.9  3.  -0.3  0.6 -0.  -0.7  3.3 -0.2  0.9  4.9 -0.  -2.2 -0.1 -2.4 -0.8  4.8  0.4  1.2 -0.6 -0.   5.5 -1.   1.6  1.5 -0.2 -0.7 -2.4  6.4  6.2 -1.1 -0.7 -0.5 -0.6 -0.9  5.1  5.2  2.8  0.6  7.6 -1.6 -1.  -0.2 -1.6  5.7 -1.   3.1  3.7 -0.8 -0.5  3.3  3.7  0.4 -0.3 -2.4  3.7 -1.9 -0.1 -0.3 -3.9  0.9  2.9  4.7 -0.3 -0.5 -1.2 -0.2  0.3 -0.7  4.1  1.2  2.4 -0.9 -1.2 -0.3 -1.5 -1.  -0.6 -0.9  7.3  1.1  0.9 -0.2  2.   2.6 -0.6 -0.2 -0.9  2.2 -0.3 -0.8  3.6  8.8  3.5 -1.7 -1.1 -0.8 -1.9 -0.3 -1.8  1.1  0.2 -2.   0.5  2.8  0.4  0.1 -1.5  0.1 -0.   6.2  5.6 -0.3 -0.7 -1.3 -0.9  5.2 -1.9  7.1  2.4 -2.2 -1.2  5.9  2.7  5.6  3.   0.2 -2.1  7.1  5.4 -1.7  3.3  1.3 -1.6 -0.4 -0.9 -0.5 -1.3 -0.2  3.6 -2.2 -0.1  3.9  4.6 -0.4 -0.9 -0.8  0.4  1.8  2.  -0.8 -0.9 -0.3 11.6  1.9  7.1 -0.9  5.9 -1.  -0.9 -1.3  2.1 -0.8 -1.2  2.9  4.2  0.8  4.7 -0.4 -0.5 -0.5 -0.1 -1.8 -1.5 -3.   6.   3.4]
ty_50sample [[5 0 3 3 7 9 3 5 2]
 [4 5 3 3 7 9 9 9 7]
 [3 4 1 4 0 7 8 4 3]
 [2 4 7 3 0 5 4 0 2]
 [8 0 3 7 1 7 8 0 7]
 [2 1 4 6 0 6 6 2 8]
 [3 7 7 2 2 1 7 0 7]
 [0 8 6 2 6 9 5 3 7]
 [5 4 3 5 7 6 6 9 3]
 [5 5 7 8 0 2 6 5 1]]
tt_50sample [[5 0 3 3 7 9 3 5 2]
 [4 5 3 3 7 9 9 9 7]
 [3 4 1 1 0 7 8 4 3]
 [2 4 7 3 0 5 4 0 2]
 [8 0 3 7 1 7 8 0 7]
 [2 1 4 6 0 6 6 2 8]
 [3 7 7 2 2 1 7 0 7]
 [0 8 6 2 6 9 5 3 7]
 [5 4 3 5 7 6 6 9 3]
 [5 5 7 8 0 2 6 5 1]]
vm  [ 0.9 -0.   4.9  0.2  1.1 -0.1  8.4 -1.7 -0.5  0.3 -1.2 -0.7  0.6  0.1  2.2 -0.2 -2.9  3.4 -0.1 -0.9 -0.6 -0.5 -0.6  5.8 -1.5 -0.1  4.4  1.4  1.2 -0.1  4.4 -1.2  4.5 -0.1 -0.5  6.6 -0.9  3.7 -1.7  3.5 -1.8 -3.   5.4 -0.2 -1.3  1.8  6.6 -0.4  0.8  3.7 -0.6  3.2  4.1  4.9 -2.  -1.4 -0.4 -0.4 -0.1  2.  -1.   3.5  0.4 -1.1 -0.3 -0.9 -0.1 -1.4 -0.4  0.4  0.3  1.6 -0.6 -0.3 -0.8 -0.1  5.7 -1.2  4.5 -2.1  4.2  3.5 -2.2 -2.2 -2.1  1.6  2.5 -0.4  3.7  0.2 -0.   0.   0.   6.3  3.6 -0.6  6.7  0.7 -1.8  1.2  4.5 -1.3  4.4 -0.5  0.5 -0.3 -2.  -0.9 -1.4  2.2  4.8  1.2  0.9 -2.2 -0.   1.9  7.4  1.  -1.8 -0.9 -1.9  1.7 -3.   4.8 -1.2  3.9  4.1 -0.8  3.2  2.3  1.8  2.1 -1.3  4.4  0.1  0.1 -1.1 -1.5 -1.8 -0.9  0.1  0.4 -1.1  0.1 -1.  12.5  4.3  3.1  4.1  0.6 -2.  -0.   5.6 -2.3 -1.9 -0.1 -2.5 -1.3  2.1  2.3 -1.1 -0.2  0.1 -2.5  3.1 -0.7  5.9 -0.1  9.2  3.2 -1.4  0.2  0.7 -0.7  0.2 -1.9 -1.2 -1.2 -0.4  3.9 -3.1 -1.9  1.1  2.5 -1.2  3.9 -0.3  7.2  7.3 -1.8 -0.6  5.9 -0.2  1.3 -0.8  7.4 -0.1 -2.3 -0.  -1.7  1.2  3.9 -0.1  6.6 -0.2 -0.7 -0.3 -1.   0.4 -2.2  7.3 -0.6 -1.6  1.8 -0.7 -0.9  8.3  2.3  2.8  0.7 -0.7  5.6 -0.3 -0.4  2.8  5.7 -0.4 -1.   8.8  2.  -2.9  0.7 -0.6  6.  10.7  4.1 -0.7 -2.  -0.5 -1.7 -0.5  1.2 -1.3  2.6 -1.3  6.3  4.   5.9  7.2  0.8 -1.3  0.5  2.1 -0.5  2.2  1.4]
vy_50sample [[5 5 5 6 5 5 5 2 5]
 [7 9 2 8 7 9 9 9 3]
 [7 0 8 8 7 7 8 1 7]
 [8 2 8 8 8 2 5 8 8]
 [5 3 0 3 7 5 5 5 5]
 [6 6 6 6 6 2 6 6 6]
 [2 0 0 0 0 8 0 9 0]
 [6 7 7 7 7 3 3 7 7]
 [0 0 1 0 1 0 0 0 0]
 [4 4 4 4 4 4 4 4 4]]
vt_50sample [[8 6 7 3 8 6 3 0 9]
 [6 0 2 3 7 7 6 7 5]
 [0 2 8 8 2 7 6 4 0]
 [6 4 5 6 8 8 3 7 1]
 [9 5 2 9 5 6 0 7 6]
 [0 6 2 3 4 4 0 5 7]
 [3 2 3 5 5 5 5 1 5]
 [6 4 2 1 1 1 3 9 9]
 [5 9 3 3 1 0 9 7 1]
 [3 0 9 0 7 8 6 5 8]]
Epoch   910: Training cost= 0.1405, Training acc= 0.6579, Validation cost= 7.0976, Validation acc= 0.1127
Epoch   920: Training cost= 0.0977, Training acc= 0.6615, Validation cost= 7.0745, Validation acc= 0.1126
Epoch   930: Training cost= 0.0766, Training acc= 0.6651, Validation cost= 7.0980, Validation acc= 0.1126
Epoch   940: Training cost= 0.0615, Training acc= 0.6687, Validation cost= 7.1930, Validation acc= 0.1126
Epoch   950: Training cost= 0.0559, Training acc= 0.6722, Validation cost= 7.2884, Validation acc= 0.1125
Epoch   960: Training cost= 0.0459, Training acc= 0.6756, Validation cost= 7.3862, Validation acc= 0.1125
Epoch   970: Training cost= 0.0450, Training acc= 0.6789, Validation cost= 7.4613, Validation acc= 0.1125
Epoch   980: Training cost= 0.0388, Training acc= 0.6822, Validation cost= 7.5430, Validation acc= 0.1125
Epoch   990: Training cost= 0.0417, Training acc= 0.6854, Validation cost= 7.5984, Validation acc= 0.1124
Epoch  1000: Training cost= 0.0370, Training acc= 0.6886, Validation cost= 7.6640, Validation acc= 0.1124
tm  [ 1.2 -0.2 -2.1  8.   0.5  0.7 -0.7 -0.5 -0.8 -0.9  4.4 -0.  -0.2 -0.8  2.  -1.7 -0.5  0.7 -1.  -1.6  9.9 -0.6  0.1  1.7  3.   0.8  4.8  6.2  0.5 -0.4 -1.3  0.4 -0.4 -0.5  3.3  0.5  6.3 -1.1  4.6  4.5  1.4 -0.6  1.5 -0.4 -1.3  4.4  2.2  5.8  3.3 -0.8 -0.9  2.1 -0.2  6.   2.1 -0.6 -0.2 -0.3  0.1 -0.   0.2 -0.8  5.5  1.5 -1.6 -0.2  7.6 -0.1  4.   5.1  3.8 13.3 -1.8 -1.1 -2.1  6.4  2.4 -2.   1.7 -1.5 -0.9  2.9 -0.2  0.6 -0.  -0.7  3.8 -0.2  0.8  5.5 -0.2 -2.2  0.1 -2.7 -0.9  5.3  0.9  1.4 -0.6 -0.   6.3 -0.9  1.3  1.8 -0.3 -0.8 -2.4  6.8  6.9 -1.2 -0.9 -0.4 -0.5 -1.2  5.2  5.9  2.6  1.1  8.  -1.9 -1.  -0.3 -1.6  6.1 -1.   2.7  3.7 -0.9 -0.4  3.5  3.5  0.8 -0.4 -2.6  4.4 -1.9  0.2 -0.4 -4.2  1.   3.1  4.9 -0.3 -0.6 -1.1 -0.3  0.1 -1.   4.9  2.   2.5 -1.1 -1.2 -0.4 -1.5 -1.1 -0.4 -1.   7.9  1.5  1.1 -0.2  2.7  3.2 -0.7 -0.1 -1.2  2.5 -0.2 -0.9  3.8  9.5  3.3 -1.8 -1.3 -0.8 -1.8 -0.4 -1.9  1.4  0.1 -2.3  0.6  2.6  0.5  0.2 -1.5 -0.  -0.1  6.7  5.9 -0.4 -0.7 -1.6 -1.1  5.  -2.   7.9  2.6 -2.4 -1.3  6.9  2.8  5.8  2.8  0.3 -2.3  8.   5.6 -2.   3.4  1.  -1.6 -0.3 -0.9 -0.4 -1.6 -0.3  4.3 -2.5 -0.1  4.   5.2 -0.4 -0.9 -0.7  0.9  2.2  1.9 -0.8 -0.9 -0.3 12.1  2.4  7.8 -1.1  6.5 -0.8 -1.  -1.4  2.7 -0.8 -1.1  3.2  4.5  1.7  4.8 -0.4 -0.5 -0.5 -0.3 -2.  -1.5 -3.3  6.4  3.6]
ty_50sample [[5 0 3 3 7 9 3 5 2]
 [4 5 3 3 7 9 9 9 7]
 [3 4 1 1 0 7 8 4 3]
 [2 4 7 3 0 5 4 0 2]
 [8 0 3 7 1 7 8 0 7]
 [2 1 4 6 0 6 6 2 8]
 [3 7 7 2 2 1 7 0 7]
 [0 8 6 2 6 9 5 3 7]
 [5 4 3 5 7 6 6 9 3]
 [5 5 7 8 0 2 6 5 1]]
tt_50sample [[5 0 3 3 7 9 3 5 2]
 [4 5 3 3 7 9 9 9 7]
 [3 4 1 1 0 7 8 4 3]
 [2 4 7 3 0 5 4 0 2]
 [8 0 3 7 1 7 8 0 7]
 [2 1 4 6 0 6 6 2 8]
 [3 7 7 2 2 1 7 0 7]
 [0 8 6 2 6 9 5 3 7]
 [5 4 3 5 7 6 6 9 3]
 [5 5 7 8 0 2 6 5 1]]
vm  [ 2.   0.7  4.7 -0.   0.3  0.5  8.9 -2.  -0.8  0.6 -1.2 -1.   1.1 -0.   2.3 -0.4 -2.8  2.7 -0.2 -1.1 -0.8 -0.6 -0.6  5.6 -1.5 -0.1  5.2  1.7  2.  -0.3  4.3 -1.2  4.1 -0.2 -0.7  7.1 -0.8  3.  -1.6  3.6 -1.9 -3.1  6.  -0.2 -1.3  3.1  6.7 -0.3  0.7  4.  -0.8  3.1  4.8  4.9 -2.1 -1.8 -0.3 -0.3 -0.   1.2 -1.   3.3  1.4 -0.8 -0.3 -0.8  0.6 -1.4 -0.4  0.8  0.7  2.5 -0.8 -0.3 -0.9 -0.2  5.6 -1.2  4.8 -2.1  3.7  3.6 -2.6 -2.2 -2.4  2.8  4.1 -0.5  4.  -0.2 -0.2  0.4 -0.1  5.8  4.2 -0.4  6.4  1.  -1.9  1.   5.7 -1.2  3.7 -0.4  0.6 -0.3 -1.9 -0.7 -1.4  2.7  5.1  1.4  1.  -2.3  0.1  1.5  7.5  1.2 -2.2 -0.9 -1.9  1.8 -3.1  4.9 -1.5  3.9  4.2 -0.8  3.2  2.2  2.9  2.6 -1.4  4.5  0.7 -0.1 -1.2 -1.9 -1.9 -1.2 -0.   1.  -1.1 -0.1 -0.9 13.5  3.9  3.9  4.8  1.5 -2.  -0.1  6.  -2.4 -1.8 -0.2 -2.5 -1.4  1.7  2.7 -0.8 -0.3  0.6 -2.7  3.3 -0.7  6.1 -0.2  9.5  3.6 -1.2  1.2  0.6 -0.8  0.8 -2.  -1.1 -1.1 -0.4  4.4 -3.2 -2.3  0.8  2.9 -1.2  3.4 -0.4  8.7  8.6 -1.5 -0.5  5.7 -0.   0.8 -0.7  6.9 -0.2 -2.3  0.4 -1.7  1.7  3.3 -0.1  5.7 -0.2 -0.7 -0.4 -1.  -0.  -2.4  6.9 -0.9 -1.9  1.1 -0.7 -1.   8.8  3.3  2.7  0.4 -0.7  5.5 -0.4 -0.4  3.2  5.8 -0.3 -1.   8.9  1.9 -3.2  0.7 -0.9  6.5 11.1  4.5 -0.9 -2.  -0.6 -2.  -0.2  1.2 -1.5  3.4 -1.5  7.3  4.2  7.1  6.7  1.1 -1.3  0.5  2.2 -0.7  2.6  1.7]
vy_50sample [[6 5 5 6 5 5 5 2 6]
 [9 9 2 8 9 9 9 9 3]
 [7 0 8 8 3 7 3 1 7]
 [8 9 8 8 8 2 8 8 8]
 [5 3 0 3 3 5 5 3 5]
 [6 6 6 6 2 2 6 2 6]
 [2 0 2 0 0 9 0 9 9]
 [6 3 3 7 7 3 3 7 7]
 [0 0 1 0 1 1 0 9 0]
 [4 4 4 4 3 4 4 4 4]]
vt_50sample [[8 6 7 3 8 6 3 0 9]
 [6 0 2 3 7 7 6 7 5]
 [0 2 8 8 2 7 6 4 0]
 [6 4 5 6 8 8 3 7 1]
 [9 5 2 9 5 6 0 7 6]
 [0 6 2 3 4 4 0 5 7]
 [3 2 3 5 5 5 5 1 5]
 [6 4 2 1 1 1 3 9 9]
 [5 9 3 3 1 0 9 7 1]
 [3 0 9 0 7 8 6 5 8]]
Epoch  1010: Training cost= 0.0468, Training acc= 0.6917, Validation cost= 7.7102, Validation acc= 0.1124
Epoch  1020: Training cost= 0.0398, Training acc= 0.6947, Validation cost= 7.7729, Validation acc= 0.1124
Epoch  1030: Training cost= 0.0422, Training acc= 0.6976, Validation cost= 7.7865, Validation acc= 0.1123
Epoch  1040: Training cost= 0.0414, Training acc= 0.7006, Validation cost= 7.8393, Validation acc= 0.1123
Epoch  1050: Training cost= 0.0403, Training acc= 0.7034, Validation cost= 7.8679, Validation acc= 0.1122
Epoch  1060: Training cost= 0.0338, Training acc= 0.7062, Validation cost= 7.8911, Validation acc= 0.1122
Epoch  1070: Training cost= 0.0341, Training acc= 0.7089, Validation cost= 7.9461, Validation acc= 0.1122
Epoch  1080: Training cost= 0.0284, Training acc= 0.7116, Validation cost= 7.9798, Validation acc= 0.1121
Epoch  1090: Training cost= 0.0247, Training acc= 0.7143, Validation cost= 8.0367, Validation acc= 0.1121
Epoch  1100: Training cost= 0.0229, Training acc= 0.7169, Validation cost= 8.0944, Validation acc= 0.1121
tm  [ 1.3 -0.2 -2.1  8.2  0.4  1.  -0.7 -0.4 -0.9 -0.9  4.3  0.1 -0.2 -0.8  2.1 -1.7 -0.5  0.5 -1.  -1.6 10.3 -0.6 -0.   1.8  3.3  0.9  4.9  6.6  0.4 -0.4 -1.3  0.5 -0.4 -0.5  3.5  0.9  6.6 -1.1  4.9  4.6  1.6 -0.6  1.9 -0.5 -1.4  4.6  2.1  6.1  3.3 -0.8 -0.9  1.9 -0.2  6.3  2.7 -0.7 -0.3 -0.3  0.2  0.1 -0.  -0.9  5.9  1.4 -1.6 -0.2  8.  -0.1  3.8  5.4  4.  13.9 -1.9 -1.2 -2.1  6.2  2.3 -2.   1.4 -1.6 -1.   3.1 -0.2  0.5 -0.  -0.7  3.8 -0.3  0.8  5.4 -0.2 -2.4  0.1 -2.8 -0.9  5.5  1.1  1.9 -0.7  0.1  6.6 -1.   1.4  1.7 -0.3 -0.7 -2.5  6.9  7.1 -1.3 -0.9 -0.4 -0.5 -1.2  5.2  5.9  2.8  1.4  8.3 -2.  -1.2 -0.2 -1.5  6.6 -1.1  3.1  3.7 -0.9 -0.3  3.6  3.6  1.  -0.4 -2.6  4.6 -2.   0.2 -0.3 -4.3  1.3  3.6  4.6 -0.2 -0.5 -1.1 -0.3 -0.  -1.   5.1  2.1  2.5 -1.2 -1.2 -0.4 -1.6 -1.1 -0.3 -1.   8.3  1.8  0.9 -0.1  2.8  3.5 -0.7 -0.1 -1.3  2.8 -0.2 -0.9  3.8  9.6  3.2 -1.9 -1.4 -0.8 -1.9 -0.3 -2.   1.3  0.  -2.3  0.8  2.6  0.8  0.1 -1.6 -0.2 -0.   6.7  6.1 -0.4 -0.6 -1.5 -1.2  5.6 -2.   7.9  2.8 -2.5 -1.3  7.   2.9  6.3  2.8 -0.  -2.4  8.4  6.1 -2.1  3.7  0.7 -1.9 -0.3 -0.9 -0.3 -1.7 -0.3  4.3 -2.6 -0.1  4.1  5.2 -0.4 -1.  -0.7  1.4  2.4  2.1 -0.8 -0.9 -0.3 13.   2.3  8.2 -1.2  6.7 -0.9 -0.9 -1.5  2.8 -0.7 -1.1  3.7  4.5  1.9  4.8 -0.4 -0.5 -0.5 -0.2 -2.1 -1.6 -3.4  6.8  3.4]
ty_50sample [[5 0 3 3 7 9 3 5 2]
 [4 5 3 3 7 9 9 9 7]
 [3 4 1 1 0 7 8 4 3]
 [2 4 7 3 0 5 4 0 2]
 [8 0 3 7 1 7 8 0 7]
 [2 1 4 6 0 6 6 2 8]
 [3 7 7 2 2 1 7 0 7]
 [0 8 6 2 6 9 5 3 7]
 [5 4 3 5 7 6 6 9 3]
 [5 5 7 8 0 2 6 5 1]]
tt_50sample [[5 0 3 3 7 9 3 5 2]
 [4 5 3 3 7 9 9 9 7]
 [3 4 1 1 0 7 8 4 3]
 [2 4 7 3 0 5 4 0 2]
 [8 0 3 7 1 7 8 0 7]
 [2 1 4 6 0 6 6 2 8]
 [3 7 7 2 2 1 7 0 7]
 [0 8 6 2 6 9 5 3 7]
 [5 4 3 5 7 6 6 9 3]
 [5 5 7 8 0 2 6 5 1]]
vm  [ 2.1  0.9  5.3  0.6  0.1  0.7  9.  -1.9 -0.9  0.6 -1.2 -1.2  0.7 -0.1  2.8 -0.5 -2.9  2.8 -0.3 -1.1 -0.6 -0.6 -0.8  6.4 -1.6 -0.   5.8  2.2  2.3 -0.2  4.4 -1.1  3.6 -0.2 -0.8  7.  -0.7  2.4 -1.7  4.1 -1.8 -3.1  7.  -0.4 -1.3  2.9  6.  -0.3  1.6  3.9 -0.7  3.1  4.5  5.6 -2.2 -1.8 -0.3 -0.5  0.   1.9 -1.1  3.4  1.4 -0.8 -0.4 -0.8  0.3 -1.6 -0.4  0.9  1.   2.4 -0.9 -0.4 -1.1 -0.2  6.2 -1.1  5.1 -2.2  3.9  3.8 -2.7 -2.2 -2.5  2.9  3.7 -0.4  4.2 -0.2 -0.2  0.3 -0.3  5.8  4.7 -0.5  6.8  1.  -1.9  1.   6.1 -1.2  4.2 -0.3  0.6 -0.2 -1.9 -1.  -1.5  2.7  5.2  1.3  1.4 -2.3 -0.1  1.6  7.7  1.1 -2.1 -1.2 -2.   2.1 -3.3  5.5 -1.6  4.   4.1 -0.9  3.3  2.4  3.   1.7 -1.4  4.7  1.1  0.  -1.1 -1.9 -2.2 -1.1 -0.   1.3 -1.1 -0.3 -1.  13.4  3.9  4.5  4.8  2.2 -1.9 -0.2  6.  -2.7 -2.  -0.2 -2.6 -1.5  1.9  2.7 -0.9 -0.3  0.5 -2.6  3.3 -0.6  6.  -0.1 10.4  3.4 -1.3  1.2  0.3 -0.9  0.3 -2.1 -1.1 -1.3 -0.5  4.4 -3.2 -2.4  1.   2.4 -1.2  4.2 -0.5  8.8  8.8 -1.5 -0.5  5.7 -0.1  1.1 -0.8  7.1 -0.2 -2.2  0.5 -1.7  1.5  3.3  0.2  6.1 -0.2 -0.7 -0.5 -1.  -0.1 -2.6  7.1 -0.8 -1.9  1.6 -0.9 -1.1  9.2  3.   2.9  0.5 -0.7  5.8 -0.4 -0.4  3.2  5.9 -0.2 -1.   9.3  2.1 -3.3  0.9 -0.7  6.5 11.7  5.  -0.8 -2.1 -0.6 -2.2 -0.3  1.3 -1.5  3.  -1.5  7.5  4.3  7.   7.1  1.3 -1.3  0.5  1.5 -0.7  2.7  1.9]
vy_50sample [[6 5 5 6 5 5 5 2 6]
 [0 9 2 8 9 9 9 9 3]
 [7 0 8 8 0 7 3 1 7]
 [8 2 8 8 8 2 8 8 8]
 [5 3 0 3 3 5 5 0 0]
 [6 6 6 6 2 2 6 2 6]
 [2 0 2 0 0 9 0 9 9]
 [6 3 3 7 7 3 3 7 7]
 [0 0 1 0 1 1 0 9 0]
 [4 4 4 4 4 4 4 4 1]]
vt_50sample [[8 6 7 3 8 6 3 0 9]
 [6 0 2 3 7 7 6 7 5]
 [0 2 8 8 2 7 6 4 0]
 [6 4 5 6 8 8 3 7 1]
 [9 5 2 9 5 6 0 7 6]
 [0 6 2 3 4 4 0 5 7]
 [3 2 3 5 5 5 5 1 5]
 [6 4 2 1 1 1 3 9 9]
 [5 9 3 3 1 0 9 7 1]
 [3 0 9 0 7 8 6 5 8]]
Epoch  1110: Training cost= 0.0217, Training acc= 0.7194, Validation cost= 8.1464, Validation acc= 0.1121
Epoch  1120: Training cost= 0.0207, Training acc= 0.7219, Validation cost= 8.1923, Validation acc= 0.1120
Epoch  1130: Training cost= 0.0199, Training acc= 0.7244, Validation cost= 8.2362, Validation acc= 0.1120
Epoch  1140: Training cost= 0.0192, Training acc= 0.7268, Validation cost= 8.2755, Validation acc= 0.1120
Epoch  1150: Training cost= 0.0185, Training acc= 0.7292, Validation cost= 8.3138, Validation acc= 0.1120
Epoch  1160: Training cost= 0.0179, Training acc= 0.7315, Validation cost= 8.3509, Validation acc= 0.1119
Epoch  1170: Training cost= 0.0173, Training acc= 0.7338, Validation cost= 8.3856, Validation acc= 0.1119
Epoch  1180: Training cost= 0.0169, Training acc= 0.7361, Validation cost= 8.4194, Validation acc= 0.1119
Epoch  1190: Training cost= 0.0164, Training acc= 0.7383, Validation cost= 8.4539, Validation acc= 0.1119
Epoch  1200: Training cost= 0.0166, Training acc= 0.7405, Validation cost= 8.4823, Validation acc= 0.1119
tm  [ 1.4 -0.1 -2.2  8.5  0.6  0.8 -0.7 -0.4 -1.  -1.   4.3  0.2 -0.2 -0.9  2.3 -1.7 -0.5  0.3 -0.9 -1.6 10.7 -0.5 -0.   2.3  3.5  1.1  5.3  7.   0.3 -0.4 -1.2  0.5 -0.4 -0.5  3.6  1.1  6.9 -1.2  5.2  4.9  1.8 -0.6  2.2 -0.5 -1.4  5.   2.2  6.4  3.3 -0.8 -0.9  2.  -0.1  6.6  2.9 -0.8 -0.4 -0.3 -0.   0.1 -0.1 -0.9  6.3  1.2 -1.7 -0.2  8.3 -0.2  3.9  5.8  4.2 14.5 -1.8 -1.2 -2.1  6.2  2.4 -2.   1.2 -1.7 -1.   3.4 -0.3  0.4 -0.1 -0.7  3.9 -0.3  1.   5.6 -0.3 -2.5 -0.  -2.8 -1.   6.   1.6  2.  -0.9 -0.   7.  -1.1  1.5  1.9 -0.4 -0.8 -2.6  7.3  7.  -1.4 -0.9 -0.4 -0.5 -1.2  5.2  6.2  3.   1.4  8.7 -2.1 -1.3 -0.3 -1.6  6.9 -1.1  3.2  3.7 -0.8 -0.3  3.8  3.7  1.3 -0.4 -2.6  4.8 -2.  -0.  -0.3 -4.4  1.3  3.8  4.3 -0.1 -0.4 -1.1 -0.2 -0.  -1.   5.4  2.4  2.4 -1.2 -1.1 -0.5 -1.7 -1.2 -0.3 -1.2  8.7  2.1  0.8 -0.1  3.3  3.3 -0.8 -0.1 -1.3  3.  -0.1 -0.9  4.   9.9  3.1 -1.9 -1.4 -0.7 -1.9 -0.3 -2.1  1.2 -0.  -2.4  1.   2.8  0.5  0.3 -1.5 -0.3 -0.1  6.7  6.2 -0.4 -0.6 -1.5 -1.2  6.  -2.1  8.1  2.9 -2.7 -1.3  7.5  3.1  6.5  2.9 -0.  -2.5  8.6  6.7 -2.2  4.2  0.4 -1.9 -0.3 -0.9 -0.3 -1.7 -0.3  4.4 -2.6 -0.2  4.1  5.5 -0.4 -1.  -0.7  1.6  2.4  2.4 -0.8 -0.9 -0.4 13.5  2.3  8.9 -1.1  7.  -0.9 -1.1 -1.5  2.9 -0.7 -1.1  3.9  4.4  2.3  5.3 -0.3 -0.4 -0.5 -0.3 -2.2 -1.7 -3.5  7.3  3.6]
ty_50sample [[5 0 3 3 7 9 3 5 2]
 [4 5 3 3 7 9 9 9 7]
 [3 4 1 1 0 7 8 4 3]
 [2 4 7 3 0 5 4 0 2]
 [8 0 3 7 1 7 8 0 7]
 [2 1 4 6 0 6 6 2 8]
 [3 7 7 2 2 1 7 0 7]
 [0 8 6 2 6 9 5 3 7]
 [5 4 3 5 7 6 6 9 3]
 [5 5 7 8 0 2 6 5 1]]
tt_50sample [[5 0 3 3 7 9 3 5 2]
 [4 5 3 3 7 9 9 9 7]
 [3 4 1 1 0 7 8 4 3]
 [2 4 7 3 0 5 4 0 2]
 [8 0 3 7 1 7 8 0 7]
 [2 1 4 6 0 6 6 2 8]
 [3 7 7 2 2 1 7 0 7]
 [0 8 6 2 6 9 5 3 7]
 [5 4 3 5 7 6 6 9 3]
 [5 5 7 8 0 2 6 5 1]]
vm  [ 2.3  1.1  5.7  0.7  0.1  0.9  9.4 -1.9 -0.9  0.4 -1.3 -1.1  0.4 -0.1  2.9 -0.4 -3.   2.7 -0.3 -1.1 -0.6 -0.6 -0.8  6.3 -1.6 -0.1  6.5  2.4  2.7 -0.2  4.4 -1.2  4.1 -0.2 -0.7  7.4 -0.7  2.5 -1.8  4.4 -1.7 -3.1  7.6 -0.5 -1.4  2.9  6.  -0.4  1.7  4.1 -0.6  3.2  4.6  5.7 -2.2 -1.8 -0.3 -0.6  0.1  2.3 -1.2  3.5  1.3 -0.8 -0.3 -0.7  0.4 -1.8 -0.3  1.3  1.1  2.2 -0.9 -0.3 -1.  -0.1  6.7 -0.9  5.4 -2.3  4.   4.1 -2.7 -2.3 -2.5  3.3  3.4 -0.6  4.4 -0.2 -0.2 -0.  -0.3  6.1  4.9 -0.5  6.8  1.3 -2.   1.3  6.4 -1.3  4.8 -0.4  0.4 -0.1 -1.9 -1.1 -1.6  2.8  5.4  1.2  1.6 -2.5  0.2  2.1  7.7  1.2 -2.1 -1.2 -2.1  2.  -3.4  6.  -1.6  4.   4.  -1.   3.1  2.4  3.   2.  -1.4  5.1  0.9  0.  -1.1 -1.9 -2.4 -1.2  0.4  1.4 -1.3 -0.4 -0.9 13.8  4.1  4.9  5.3  2.2 -1.8 -0.2  6.7 -2.7 -2.  -0.2 -2.6 -1.5  2.1  2.4 -0.8 -0.3  0.7 -2.8  3.4 -0.5  6.  -0.1 11.   3.6 -1.3  1.4  0.4 -0.9  0.2 -2.  -1.1 -1.4 -0.6  4.7 -3.3 -2.6  1.4  2.8 -1.2  4.7 -0.5  9.   9.2 -1.5 -0.5  6.1 -0.   1.5 -0.9  7.3 -0.3 -2.2  0.7 -1.7  1.8  3.8  0.5  6.4 -0.2 -0.7 -0.6 -0.9 -0.1 -2.7  7.5 -0.8 -1.9  2.3 -0.8 -1.2 10.   3.1  3.1  0.4 -0.5  6.  -0.3 -0.4  3.2  5.8 -0.2 -1.1  9.7  2.2 -3.5  1.  -0.8  6.7 11.7  5.2 -0.8 -2.2 -0.6 -2.2 -0.3  1.7 -1.5  2.7 -1.6  7.7  4.8  7.3  7.4  1.7 -1.3  0.8  1.5 -0.7  2.6  2.3]
vy_50sample [[6 5 5 6 5 5 5 2 5]
 [0 9 2 8 3 9 9 9 3]
 [7 0 1 8 0 7 3 1 7]
 [8 2 8 8 8 2 8 8 8]
 [5 3 0 3 3 5 5 0 0]
 [6 6 6 6 2 2 6 2 6]
 [2 0 2 0 0 9 0 9 9]
 [6 3 3 7 7 3 3 7 7]
 [1 0 1 0 1 1 0 9 0]
 [7 4 4 4 4 4 4 4 1]]
vt_50sample [[8 6 7 3 8 6 3 0 9]
 [6 0 2 3 7 7 6 7 5]
 [0 2 8 8 2 7 6 4 0]
 [6 4 5 6 8 8 3 7 1]
 [9 5 2 9 5 6 0 7 6]
 [0 6 2 3 4 4 0 5 7]
 [3 2 3 5 5 5 5 1 5]
 [6 4 2 1 1 1 3 9 9]
 [5 9 3 3 1 0 9 7 1]
 [3 0 9 0 7 8 6 5 8]]
Epoch  1210: Training cost= 0.0163, Training acc= 0.7426, Validation cost= 8.5085, Validation acc= 0.1118
Epoch  1220: Training cost= 0.0164, Training acc= 0.7447, Validation cost= 8.5489, Validation acc= 0.1118
Epoch  1230: Training cost= 0.0168, Training acc= 0.7468, Validation cost= 8.5610, Validation acc= 0.1118
Epoch  1240: Training cost= 0.0168, Training acc= 0.7489, Validation cost= 8.5875, Validation acc= 0.1118
Epoch  1250: Training cost= 0.0165, Training acc= 0.7509, Validation cost= 8.6139, Validation acc= 0.1118
Epoch  1260: Training cost= 0.0157, Training acc= 0.7528, Validation cost= 8.6391, Validation acc= 0.1118
Epoch  1270: Training cost= 0.0144, Training acc= 0.7548, Validation cost= 8.6606, Validation acc= 0.1117
Epoch  1280: Training cost= 0.0136, Training acc= 0.7567, Validation cost= 8.6909, Validation acc= 0.1117
Epoch  1290: Training cost= 0.0137, Training acc= 0.7586, Validation cost= 8.7132, Validation acc= 0.1117
Epoch  1300: Training cost= 0.0127, Training acc= 0.7604, Validation cost= 8.7429, Validation acc= 0.1117
tm  [ 1.5 -0.1 -2.3  9.   0.4  0.5 -0.7 -0.5 -1.1 -1.   4.4  0.1 -0.2 -1.   2.5 -1.7 -0.5  0.  -0.9 -1.6 11.  -0.5 -0.1  2.3  3.6  1.3  5.8  7.2  0.1 -0.4 -1.2  0.6 -0.5 -0.4  3.7  1.2  7.1 -1.2  5.3  5.2  1.8 -0.6  2.2 -0.6 -1.4  5.   2.4  6.5  3.6 -0.8 -0.9  2.  -0.1  6.9  2.9 -0.8 -0.4 -0.4  0.  -0.  -0.1 -1.   6.7  1.3 -1.7 -0.2  8.7 -0.2  4.   6.   4.3 15.  -1.9 -1.2 -2.2  6.3  2.4 -2.1  1.3 -1.8 -0.9  3.6 -0.2  0.3 -0.1 -0.6  4.1 -0.4  1.   5.7 -0.3 -2.6 -0.  -2.9 -1.1  6.3  2.   2.2 -1.  -0.   7.4 -1.1  1.7  2.  -0.5 -0.8 -2.6  7.5  7.  -1.4 -0.9 -0.4 -0.5 -1.3  5.1  6.2  3.1  1.5  9.1 -2.2 -1.3 -0.2 -1.7  7.5 -1.1  3.2  3.6 -0.8 -0.2  3.9  3.6  1.4 -0.5 -2.8  5.1 -2.1 -0.  -0.3 -4.6  1.3  3.9  4.5 -0.1 -0.4 -1.2 -0.3 -0.1 -1.1  5.7  2.5  2.4 -1.2 -1.1 -0.6 -1.8 -1.2 -0.1 -1.2  8.8  2.4  0.7 -0.2  3.6  3.5 -0.9 -0.1 -1.4  3.  -0.  -0.9  4.1 10.1  2.9 -2.  -1.5 -0.7 -1.9 -0.4 -2.1  1.2 -0.1 -2.5  1.3  2.8  0.4  0.5 -1.5 -0.2 -0.1  6.9  6.5 -0.4 -0.6 -1.5 -1.3  6.2 -2.1  8.2  3.1 -2.7 -1.3  7.8  3.1  6.7  2.8 -0.  -2.6  9.   7.1 -2.3  4.7  0.4 -2.  -0.3 -0.9 -0.3 -1.8 -0.4  4.7 -2.7 -0.1  4.2  5.7 -0.4 -1.1 -0.8  2.1  2.6  2.5 -0.9 -0.9 -0.4 13.9  2.4  9.4 -1.2  7.1 -0.8 -1.1 -1.5  2.9 -0.7 -1.1  4.   4.5  2.5  5.4 -0.2 -0.5 -0.6 -0.3 -2.2 -1.7 -3.6  7.4  3.8]
ty_50sample [[5 0 3 3 7 9 3 5 2]
 [4 5 3 3 7 9 9 9 7]
 [3 4 1 1 0 7 8 4 3]
 [2 4 7 3 0 5 4 0 2]
 [8 0 3 7 1 7 8 0 7]
 [2 1 4 6 0 6 6 2 8]
 [3 7 7 2 2 1 7 0 7]
 [0 8 6 2 6 9 5 3 7]
 [5 4 3 5 7 6 6 9 3]
 [5 5 7 8 0 2 6 5 1]]
tt_50sample [[5 0 3 3 7 9 3 5 2]
 [4 5 3 3 7 9 9 9 7]
 [3 4 1 1 0 7 8 4 3]
 [2 4 7 3 0 5 4 0 2]
 [8 0 3 7 1 7 8 0 7]
 [2 1 4 6 0 6 6 2 8]
 [3 7 7 2 2 1 7 0 7]
 [0 8 6 2 6 9 5 3 7]
 [5 4 3 5 7 6 6 9 3]
 [5 5 7 8 0 2 6 5 1]]
vm  [ 2.3  1.1  5.8  0.8  0.2  0.8  9.8 -2.  -0.9  0.3 -1.3 -1.1  0.1 -0.   2.9 -0.4 -3.1  2.6 -0.3 -1.1 -0.6 -0.6 -0.8  6.5 -1.6 -0.1  6.8  2.7  2.8 -0.2  4.6 -1.2  4.3 -0.2 -0.7  7.5 -0.8  2.7 -1.8  4.5 -1.7 -3.2  7.7 -0.4 -1.5  3.   6.3 -0.4  1.7  4.4 -0.6  3.4  4.7  5.8 -2.3 -1.8 -0.3 -0.6  0.   2.6 -1.3  3.7  1.  -0.9 -0.3 -0.7  0.4 -1.8 -0.3  1.5  1.1  2.2 -0.8 -0.3 -1.  -0.1  7.1 -0.9  5.6 -2.4  4.2  4.5 -2.8 -2.4 -2.5  3.4  3.4 -0.7  4.5 -0.2 -0.2 -0.  -0.3  6.6  5.  -0.5  7.   1.5 -2.1  1.6  6.6 -1.3  5.2 -0.5  0.5 -0.1 -2.  -1.1 -1.6  2.6  5.6  1.2  1.8 -2.6  0.4  2.2  8.2  1.2 -2.3 -1.2 -2.2  2.2 -3.6  6.2 -1.7  4.1  4.2 -1.   3.3  2.7  3.   2.5 -1.4  5.3  0.8  0.  -1.2 -1.9 -2.4 -1.2  0.3  1.3 -1.4 -0.4 -0.9 14.   4.4  5.1  5.3  2.1 -1.9 -0.2  7.3 -2.6 -2.  -0.2 -2.6 -1.5  2.1  2.4 -0.9 -0.3  0.7 -2.8  3.4 -0.5  6.2 -0.1 11.4  3.6 -1.3  1.2  0.5 -0.9  0.2 -2.  -1.1 -1.5 -0.7  4.9 -3.4 -2.7  1.4  3.2 -1.2  4.8 -0.5  9.1  9.2 -1.5 -0.4  6.1 -0.1  1.6 -0.9  7.3 -0.3 -2.3  0.5 -1.7  2.   4.1  0.7  7.  -0.1 -0.8 -0.7 -1.  -0.1 -2.8  7.7 -0.8 -1.9  2.9 -0.8 -1.2 10.5  3.2  3.1  0.5 -0.5  6.4 -0.2 -0.5  3.2  5.9 -0.3 -1.1 10.   2.4 -3.6  0.9 -0.9  7.1 11.9  5.3 -0.8 -2.2 -0.6 -2.2 -0.4  1.9 -1.5  2.5 -1.6  8.   5.   7.5  7.5  1.8 -1.3  1.   1.7 -0.7  2.4  2.4]
vy_50sample [[6 5 5 6 5 5 5 2 5]
 [3 9 2 8 3 9 9 9 3]
 [7 0 1 8 0 7 3 1 7]
 [8 2 8 8 8 2 8 8 8]
 [5 3 0 3 3 5 5 0 0]
 [6 6 6 2 2 2 6 2 6]
 [2 0 2 0 0 9 0 9 9]
 [6 3 3 7 7 3 3 7 7]
 [1 0 1 0 1 1 0 9 0]
 [7 4 4 4 4 4 4 4 1]]
vt_50sample [[8 6 7 3 8 6 3 0 9]
 [6 0 2 3 7 7 6 7 5]
 [0 2 8 8 2 7 6 4 0]
 [6 4 5 6 8 8 3 7 1]
 [9 5 2 9 5 6 0 7 6]
 [0 6 2 3 4 4 0 5 7]
 [3 2 3 5 5 5 5 1 5]
 [6 4 2 1 1 1 3 9 9]
 [5 9 3 3 1 0 9 7 1]
 [3 0 9 0 7 8 6 5 8]]
Epoch  1310: Training cost= 0.0120, Training acc= 0.7623, Validation cost= 8.7678, Validation acc= 0.1117
Epoch  1320: Training cost= 0.0118, Training acc= 0.7641, Validation cost= 8.7947, Validation acc= 0.1117
Epoch  1330: Training cost= 0.0112, Training acc= 0.7658, Validation cost= 8.8188, Validation acc= 0.1116
Epoch  1340: Training cost= 0.0109, Training acc= 0.7676, Validation cost= 8.8452, Validation acc= 0.1116
Epoch  1350: Training cost= 0.0106, Training acc= 0.7693, Validation cost= 8.8693, Validation acc= 0.1116
Epoch  1360: Training cost= 0.0103, Training acc= 0.7710, Validation cost= 8.8912, Validation acc= 0.1116
Epoch  1370: Training cost= 0.0100, Training acc= 0.7727, Validation cost= 8.9165, Validation acc= 0.1115
Epoch  1380: Training cost= 0.0098, Training acc= 0.7743, Validation cost= 8.9363, Validation acc= 0.1115
Epoch  1390: Training cost= 0.0097, Training acc= 0.7760, Validation cost= 8.9617, Validation acc= 0.1115
Epoch  1400: Training cost= 0.0098, Training acc= 0.7776, Validation cost= 8.9776, Validation acc= 0.1115
tm  [ 1.6 -0.1 -2.3  9.2  0.5  0.5 -0.7 -0.5 -1.2 -1.1  4.6  0.2 -0.2 -1.   2.7 -1.8 -0.6  0.1 -0.9 -1.6 11.1 -0.5 -0.1  2.5  3.9  1.4  6.   7.3 -0.  -0.4 -1.2  0.6 -0.5 -0.4  3.7  1.4  7.2 -1.2  5.4  5.4  2.  -0.6  2.5 -0.7 -1.4  5.3  2.4  6.8  3.6 -0.9 -1.   2.  -0.1  7.1  3.  -0.9 -0.4 -0.4 -0.1  0.  -0.1 -1.   6.9  1.3 -1.8 -0.1  8.9 -0.2  3.9  6.2  4.4 15.4 -1.9 -1.3 -2.2  6.5  2.4 -2.1  1.3 -1.8 -1.   3.7 -0.2  0.3 -0.2 -0.6  4.2 -0.4  1.1  5.8 -0.4 -2.7 -0.  -2.9 -1.1  6.6  2.3  2.2 -1.1 -0.1  7.6 -1.1  1.7  2.  -0.5 -0.8 -2.7  7.7  7.2 -1.4 -1.  -0.4 -0.5 -1.2  5.1  6.4  3.1  1.7  9.4 -2.2 -1.4 -0.2 -1.7  7.7 -1.1  3.3  3.7 -0.8 -0.2  4.   3.7  1.5 -0.5 -2.8  5.2 -2.1 -0.  -0.3 -4.6  1.2  4.   4.4 -0.1 -0.4 -1.2 -0.2 -0.1 -1.1  5.8  2.6  2.4 -1.3 -1.1 -0.6 -1.8 -1.3 -0.2 -1.3  9.2  2.7  0.7 -0.1  3.8  3.4 -1.  -0.1 -1.4  3.1 -0.  -0.9  4.2 10.3  2.9 -2.  -1.5 -0.7 -1.9 -0.4 -2.1  1.2 -0.1 -2.6  1.3  2.9  0.2  0.5 -1.5 -0.3 -0.1  7.1  6.6 -0.3 -0.6 -1.5 -1.3  6.5 -2.2  8.4  3.1 -2.8 -1.3  8.   3.3  7.   2.8 -0.  -2.6  9.2  7.3 -2.3  4.8  0.3 -2.  -0.3 -0.9 -0.3 -1.8 -0.4  4.8 -2.7 -0.1  4.3  5.9 -0.5 -1.1 -0.8  2.2  2.6  2.7 -0.9 -0.9 -0.4 14.2  2.4  9.7 -1.2  7.3 -0.8 -1.2 -1.6  3.  -0.7 -1.1  4.2  4.5  2.7  5.7 -0.2 -0.5 -0.6 -0.4 -2.3 -1.8 -3.7  7.7  3.9]
ty_50sample [[5 0 3 3 7 9 3 5 2]
 [4 5 3 3 7 9 9 9 7]
 [3 4 1 1 0 7 8 4 3]
 [2 4 7 3 0 5 4 0 2]
 [8 0 3 7 1 7 8 0 7]
 [2 1 4 6 0 6 6 2 8]
 [3 7 7 2 2 1 7 0 7]
 [0 8 6 2 6 9 5 3 7]
 [5 4 3 5 7 6 6 9 3]
 [5 5 7 8 0 2 6 5 1]]
tt_50sample [[5 0 3 3 7 9 3 5 2]
 [4 5 3 3 7 9 9 9 7]
 [3 4 1 1 0 7 8 4 3]
 [2 4 7 3 0 5 4 0 2]
 [8 0 3 7 1 7 8 0 7]
 [2 1 4 6 0 6 6 2 8]
 [3 7 7 2 2 1 7 0 7]
 [0 8 6 2 6 9 5 3 7]
 [5 4 3 5 7 6 6 9 3]
 [5 5 7 8 0 2 6 5 1]]
vm  [ 2.5  1.3  6.1  0.9  0.6  1.  10.1 -2.  -0.8  0.4 -1.4 -1.2  0.2 -0.   3.1 -0.4 -3.1  2.7 -0.3 -1.1 -0.5 -0.7 -0.9  6.8 -1.6 -0.   7.3  2.9  2.9 -0.3  4.6 -1.3  4.2 -0.2 -0.7  7.8 -0.8  2.6 -1.8  4.8 -1.7 -3.2  8.2 -0.5 -1.6  3.3  6.1 -0.4  2.   4.4 -0.7  3.3  4.9  6.  -2.4 -1.9 -0.3 -0.6  0.2  3.  -1.3  3.9  1.3 -0.9 -0.4 -0.8  0.5 -1.9 -0.3  1.6  1.2  2.  -0.8 -0.3 -1.  -0.   7.3 -0.9  5.6 -2.5  4.   4.4 -2.9 -2.3 -2.5  3.6  3.5 -0.6  4.5 -0.2 -0.2  0.  -0.3  6.6  5.1 -0.5  7.2  1.4 -2.1  1.6  6.6 -1.4  5.3 -0.5  0.3 -0.  -2.  -1.2 -1.7  2.7  5.7  1.1  1.8 -2.6  0.2  2.4  8.   1.2 -2.2 -1.2 -2.3  2.3 -3.7  6.6 -1.8  4.1  4.2 -1.1  3.1  2.6  3.1  2.5 -1.4  5.5  1.1  0.  -1.2 -2.  -2.4 -1.3  0.7  1.6 -1.4 -0.4 -0.8 14.1  4.6  5.4  5.5  2.5 -1.9 -0.2  7.1 -2.7 -2.  -0.2 -2.7 -1.6  2.3  2.6 -0.9 -0.4  0.6 -2.9  3.4 -0.4  6.2 -0.1 11.8  3.7 -1.3  1.3  0.6 -0.9  0.3 -2.  -1.  -1.6 -0.7  5.  -3.4 -2.8  1.8  3.1 -1.2  5.2 -0.5  9.3  9.5 -1.5 -0.4  6.6 -0.1  1.8 -1.   7.5 -0.3 -2.3  0.6 -1.7  2.   4.3  0.8  7.2 -0.1 -0.7 -0.7 -0.9 -0.1 -2.8  7.8 -0.9 -1.9  2.9 -0.9 -1.2 10.9  3.4  3.3  0.6 -0.5  6.3 -0.3 -0.4  3.4  6.2 -0.4 -1.2 10.3  2.7 -3.7  0.6 -0.8  7.2 12.3  5.5 -0.8 -2.3 -0.7 -2.3 -0.3  1.9 -1.5  2.4 -1.7  8.3  5.4  7.5  8.   2.2 -1.3  1.   1.7 -0.7  2.4  2.7]
vy_50sample [[6 5 5 6 5 5 5 2 5]
 [3 9 2 8 3 9 9 9 3]
 [7 0 1 8 0 7 3 1 7]
 [8 2 8 8 8 2 8 8 8]
 [5 3 0 3 3 5 5 0 0]
 [6 6 6 2 2 2 6 2 6]
 [2 0 2 0 0 9 0 9 9]
 [6 3 3 7 7 3 3 7 7]
 [1 0 1 1 1 1 0 9 0]
 [7 4 4 4 4 4 4 4 1]]
vt_50sample [[8 6 7 3 8 6 3 0 9]
 [6 0 2 3 7 7 6 7 5]
 [0 2 8 8 2 7 6 4 0]
 [6 4 5 6 8 8 3 7 1]
 [9 5 2 9 5 6 0 7 6]
 [0 6 2 3 4 4 0 5 7]
 [3 2 3 5 5 5 5 1 5]
 [6 4 2 1 1 1 3 9 9]
 [5 9 3 3 1 0 9 7 1]
 [3 0 9 0 7 8 6 5 8]]
Epoch  1410: Training cost= 0.0100, Training acc= 0.7791, Validation cost= 8.9999, Validation acc= 0.1115
Epoch  1420: Training cost= 0.0102, Training acc= 0.7807, Validation cost= 9.0187, Validation acc= 0.1115
Epoch  1430: Training cost= 0.0104, Training acc= 0.7822, Validation cost= 9.0289, Validation acc= 0.1114
Epoch  1440: Training cost= 0.0107, Training acc= 0.7837, Validation cost= 9.0555, Validation acc= 0.1114
Epoch  1450: Training cost= 0.0111, Training acc= 0.7852, Validation cost= 9.0546, Validation acc= 0.1114
Epoch  1460: Training cost= 0.0114, Training acc= 0.7867, Validation cost= 9.0838, Validation acc= 0.1114
Epoch  1470: Training cost= 0.0119, Training acc= 0.7881, Validation cost= 9.0810, Validation acc= 0.1114
Epoch  1480: Training cost= 0.0125, Training acc= 0.7896, Validation cost= 9.1047, Validation acc= 0.1114
Epoch  1490: Training cost= 0.0132, Training acc= 0.7910, Validation cost= 9.0980, Validation acc= 0.1114
Epoch  1500: Training cost= 0.0148, Training acc= 0.7924, Validation cost= 9.1325, Validation acc= 0.1113
tm  [ 1.4 -0.1 -2.4  9.1  0.1  0.6 -0.6 -0.5 -1.2 -0.9  4.5 -0.1 -0.1 -0.9  2.5 -1.8 -0.5  0.  -1.  -1.7 11.3 -0.5 -0.1  1.9  3.3  1.3  6.   7.3  0.4 -0.4 -1.4  0.6 -0.4 -0.4  3.6  1.4  7.8 -1.3  5.4  4.8  2.  -0.6  1.9 -0.6 -1.3  5.1  2.7  7.2  4.  -0.9 -0.9  2.1 -0.2  7.2  2.5 -1.  -0.5 -0.5 -0.  -0.1  0.  -1.1  6.7  1.4 -1.8 -0.2  9.2 -0.1  3.9  5.9  4.9 15.3 -1.8 -1.1 -2.4  6.5  2.2 -2.2  1.3 -1.8 -0.9  3.5 -0.2  0.5 -0.2 -0.5  4.2 -0.4  1.3  6.2 -0.4 -2.5  0.1 -3.1 -1.1  6.3  2.   2.  -0.9 -0.1  7.7 -1.   1.8  1.9 -0.4 -0.9 -2.7  7.4  7.5 -1.4 -0.9 -0.3 -0.6 -1.3  5.2  6.3  3.1  1.3  9.2 -2.1 -1.3 -0.  -1.7  7.9 -1.2  3.   4.1 -0.8 -0.4  4.   3.5  1.5 -0.4 -2.9  5.5 -2.3  0.1 -0.3 -5.   1.1  4.   5.4  0.1 -0.5 -1.3 -0.3 -0.1 -1.1  5.7  2.1  2.9 -1.2 -1.3 -0.7 -1.9 -1.3 -0.2 -1.2  8.7  2.7  0.3 -0.3  3.8  3.3 -0.9 -0.1 -1.7  3.2  0.  -0.9  4.1 10.4  3.4 -2.  -1.6 -0.9 -2.  -0.4 -2.   0.8 -0.1 -2.6  1.4  2.7  0.4  0.5 -1.7 -0.1 -0.1  7.5  6.7 -0.4 -0.4 -1.6 -1.2  6.5 -2.3  8.4  2.8 -2.7 -1.4  7.6  3.   6.9  3.2  0.3 -2.6  9.6  7.6 -2.3  4.7  0.3 -2.  -0.3 -0.8 -0.3 -1.9 -0.5  4.3 -2.7 -0.1  4.5  5.7 -0.5 -0.9 -0.8  2.1  3.   2.5 -1.  -0.8 -0.3 14.4  2.2  9.7 -1.2  7.2 -0.7 -1.2 -1.6  3.  -0.7 -1.2  3.8  4.6  2.5  5.6 -0.2 -0.6 -0.5 -0.3 -2.4 -1.8 -3.6  7.9  4. ]
ty_50sample [[5 0 3 3 7 9 3 5 2]
 [4 5 3 3 7 9 9 9 7]
 [3 4 1 1 0 7 8 4 3]
 [2 4 7 3 0 5 4 0 2]
 [8 0 3 7 1 7 8 0 7]
 [2 1 4 6 0 6 6 2 8]
 [3 7 7 2 2 1 7 0 7]
 [0 8 6 2 6 9 5 3 7]
 [5 4 3 5 7 6 6 9 3]
 [5 5 7 8 0 2 6 5 1]]
tt_50sample [[5 0 3 3 7 9 3 5 2]
 [4 5 3 3 7 9 9 9 7]
 [3 4 1 1 0 7 8 4 3]
 [2 4 7 3 0 5 4 0 2]
 [8 0 3 7 1 7 8 0 7]
 [2 1 4 6 0 6 6 2 8]
 [3 7 7 2 2 1 7 0 7]
 [0 8 6 2 6 9 5 3 7]
 [5 4 3 5 7 6 6 9 3]
 [5 5 7 8 0 2 6 5 1]]
vm  [ 2.9  2.1  4.5  0.7 -0.1  2.3  9.9 -2.2 -1.   1.  -1.  -1.7  0.1 -0.2  3.4 -0.7 -3.   2.3 -0.5 -1.1 -0.3 -0.7 -0.8  6.8 -1.5 -0.1  7.2  3.7  2.8 -0.5  3.1 -0.9  3.9  0.4 -1.   7.1 -0.2  0.5 -1.5  3.5 -1.3 -2.8  9.6 -0.6 -1.2  3.9  6.1 -0.1  3.4  4.  -0.7  4.   5.2  6.7 -2.3 -2.1 -0.1 -0.6  0.2  2.8 -1.3  3.   2.3 -0.3 -0.7 -0.5  1.1 -2.  -0.3  1.5  1.8  3.3 -0.9 -0.1 -1.1 -0.   8.1 -0.7  5.5 -2.4  3.9  4.1 -2.8 -1.7 -2.6  4.5  5.3 -0.7  4.8 -0.2 -0.3  0.3 -0.5  6.1  5.9 -0.6  7.1  1.7 -1.6  1.3  7.  -1.2  4.1 -0.7  0.3 -0.2 -2.  -1.2 -1.5  3.1  6.1  2.   1.6 -2.6  0.4  1.9  6.9  1.1 -2.3 -1.3 -2.1  2.2 -3.4  6.3 -2.   3.7  4.2 -0.9  3.2  1.8  3.3  2.  -1.4  4.1  1.6 -0.2 -0.9 -2.1 -2.6 -1.4  0.6  2.8 -1.2 -0.4 -1.3 13.5  4.8  5.3  5.7  3.3 -1.4 -0.4  5.9 -2.7 -1.8 -0.2 -2.6 -1.5  2.2  3.4 -0.8 -0.5  0.7 -2.8  3.9 -0.2  5.9 -0.2 12.2  3.1 -0.7  2.3  0.  -1.  -0.1 -2.1 -1.1 -1.2 -0.4  5.2 -3.  -3.   1.   2.5 -1.2  4.8 -0.9  9.6 10.6 -1.  -0.5  4.4  0.5  1.9 -0.8  5.9 -0.6 -2.1  1.4 -1.6  2.   3.5  1.5  6.9 -0.2 -0.7 -0.8 -0.9 -0.5 -2.7  6.5 -1.  -2.1  2.4 -1.1 -1.2 10.3  3.5  3.1  0.2 -0.5  7.2 -0.3 -0.6  3.5  5.4 -0.1 -0.7  8.4  3.  -3.6  1.1 -0.7  7.  11.5  5.4 -0.8 -2.2 -0.7 -2.7 -0.2  1.5 -1.6  3.3 -1.5  8.4  4.7  7.5  7.5  1.6 -1.  -0.1  0.6 -0.9  1.8  2.7]
vy_50sample [[6 5 6 6 6 5 5 3 3]
 [0 9 2 8 3 9 3 9 3]
 [7 0 1 8 0 7 3 1 7]
 [8 2 8 8 8 2 2 8 8]
 [0 3 0 3 3 5 5 0 0]
 [2 2 2 2 2 2 2 2 2]
 [2 0 2 2 0 9 0 9 9]
 [6 3 3 7 7 3 3 7 3]
 [0 0 0 0 1 0 0 0 0]
 [7 4 1 4 4 4 4 4 1]]
vt_50sample [[8 6 7 3 8 6 3 0 9]
 [6 0 2 3 7 7 6 7 5]
 [0 2 8 8 2 7 6 4 0]
 [6 4 5 6 8 8 3 7 1]
 [9 5 2 9 5 6 0 7 6]
 [0 6 2 3 4 4 0 5 7]
 [3 2 3 5 5 5 5 1 5]
 [6 4 2 1 1 1 3 9 9]
 [5 9 3 3 1 0 9 7 1]
 [3 0 9 0 7 8 6 5 8]]
Epoch  1510: Training cost= 0.0289, Training acc= 0.7938, Validation cost= 9.0853, Validation acc= 0.1113
Epoch  1520: Training cost= 0.1737, Training acc= 0.7951, Validation cost= 9.5636, Validation acc= 0.1113
Epoch  1530: Training cost= 6.9806, Training acc= 0.7920, Validation cost= 9.2939, Validation acc= 0.1112
Epoch  1540: Training cost= 3.5858, Training acc= 0.7890, Validation cost= 6.2052, Validation acc= 0.1112
Epoch  1550: Training cost= 1.8993, Training acc= 0.7866, Validation cost= 4.9680, Validation acc= 0.1111
Epoch  1560: Training cost= 1.1654, Training acc= 0.7850, Validation cost= 4.5257, Validation acc= 0.1111
Epoch  1570: Training cost= 0.8260, Training acc= 0.7842, Validation cost= 4.5597, Validation acc= 0.1110
Epoch  1580: Training cost= 0.6154, Training acc= 0.7842, Validation cost= 4.6816, Validation acc= 0.1110
Epoch  1590: Training cost= 0.4749, Training acc= 0.7847, Validation cost= 4.8666, Validation acc= 0.1109
Epoch  1600: Training cost= 0.3749, Training acc= 0.7856, Validation cost= 5.0432, Validation acc= 0.1109
tm  [ 0.6  0.3 -1.5  5.3 -0.5 -0.2 -0.8 -0.1 -0.2 -0.8  0.9 -0.2  0.2 -1.1 -0.1 -1.1 -0.2  1.3 -1.2 -0.9  7.4 -0.8  1.   2.2 -0.1 -0.5  1.   3.2 -0.4 -0.9 -1.6 -0.6 -0.8 -0.5  2.1  1.2  4.2  0.7  1.7  3.3 -0.3 -1.3 -0.7 -0.2 -1.5  0.7  2.6  4.8 -0.3 -1.  -1.1  2.4 -0.5  2.9 -0.2 -0.8 -0.7 -0.5  0.2 -1.1 -0.1 -0.6  1.4  1.5 -1.2 -0.5  4.7  0.4  0.5 -0.3  3.7  8.3 -1.  -0.9 -2.1  3.2 -0.1 -2.2  0.5 -1.6 -0.5  2.8 -0.  -0.2 -0.4 -0.8  2.   0.6 -0.3  0.6  2.  -2.2 -0.5 -1.4 -0.6  1.7 -0.5  2.3 -0.8  0.3  2.1 -0.4  0.3 -0.4 -0.5 -0.4 -1.3  4.4  1.4 -1.5 -0.4 -0.2  1.3 -1.2  3.3  2.8  2.6 -0.9  4.8 -0.7 -0.9 -0.3 -1.   4.8 -0.2  2.5 -0.2 -0.8 -0.8  2.   2.2 -0.1 -1.3 -1.6  0.4 -2.  -1.1 -0.5 -1.9  1.5 -0.3  1.6 -0.7 -0.8 -1.  -0.6  1.9 -0.7  4.4 -0.6  0.8 -1.3 -0.1 -0.1 -1.3 -0.2 -0.5 -1.4  4.   0.6 -0.7 -0.4 -0.6  3.5 -0.6 -0.5 -0.5  2.  -0.4 -0.3  0.8  4.9 -0.4 -1.1 -1.2 -1.4 -1.8 -0.5 -1.6 -0.1 -0.5 -0.8 -0.4  2.2  1.7 -0.1 -1.6 -0.2 -0.3  2.   2.8 -0.7 -1.1 -0.8 -0.8  2.8 -1.9  3.4 -0.3 -1.9 -1.6  2.5 -0.1  3.4  0.3 -0.9 -1.5  3.4  1.7 -2.1  2.2 -0.5 -1.  -0.3 -0.8 -0.2 -0.9 -0.2  1.2 -1.9 -0.6  1.3  3.3 -0.1 -0.3 -0.5 -0.9 -0.   0.9 -1.4 -1.2 -0.4  8.  -0.1  1.3 -0.9  2.6 -0.7 -1.1 -1.5 -0.3 -0.7 -0.8 -0.3  2.6 -0.1  5.8 -0.1 -0.4 -1.   0.2 -0.8 -0.5 -1.3  2.5 -0. ]
ty_50sample [[5 0 3 3 7 9 3 5 2]
 [4 5 3 3 7 9 9 9 7]
 [3 4 1 1 0 0 8 4 3]
 [2 4 7 3 0 0 4 0 2]
 [8 0 3 7 1 7 8 0 7]
 [2 1 4 6 0 6 6 2 8]
 [3 7 7 2 2 1 7 0 7]
 [0 8 6 2 6 9 5 3 7]
 [5 4 3 5 7 6 6 9 3]
 [5 5 7 8 0 2 6 5 1]]
tt_50sample [[5 0 3 3 7 9 3 5 2]
 [4 5 3 3 7 9 9 9 7]
 [3 4 1 1 0 7 8 4 3]
 [2 4 7 3 0 5 4 0 2]
 [8 0 3 7 1 7 8 0 7]
 [2 1 4 6 0 6 6 2 8]
 [3 7 7 2 2 1 7 0 7]
 [0 8 6 2 6 9 5 3 7]
 [5 4 3 5 7 6 6 9 3]
 [5 5 7 8 0 2 6 5 1]]
vm  [-0.5  3.9 -0.8  0.9 -0.6  2.   4.2 -1.8 -1.7 -0.2 -0.5 -2.   3.3 -0.8  0.9 -0.3 -0.9 -0.1 -0.7 -1.1 -0.3 -0.8 -0.4  5.6 -0.6 -0.6  1.8  0.6 -0.3 -0.6 -0.5 -0.3 -0.4 -0.2 -0.9  2.6  2.5 -0.8 -2.  -0.1 -1.5 -1.1  2.8 -0.4 -0.5  0.5  1.4 -0.4  1.8 -0.  -1.4  2.6 -0.2  3.9 -1.3 -1.5 -0.5  0.3 -0.   0.1 -1.1 -0.2  0.9  1.4 -1.3 -0.7  0.5 -1.6  1.8  0.8  0.8 -0.3 -0.2 -0.1 -1.3 -0.3  3.1 -1.3  5.3 -1.1 -0.3  3.1 -1.8 -0.5 -1.7  1.8  2.3  1.6  1.1 -0.6  0.2 -0.6 -0.5 -0.5  0.2 -0.4  0.8 -0.2  0.5 -1.   1.  -0.5  1.3 -1.  -0.9 -0.6 -1.6 -1.1 -0.3  1.1  1.5  0.3 -0.5 -1.8 -0.6 -0.8 -0.1  2.  -1.5 -1.2 -1.1  0.1 -1.  -0.2 -1.5 -0.5  1.7 -0.8  0.3 -0.8  0.9  1.4 -0.6 -0.5  2.3  1.   0.3 -1.8 -2.3 -0.6 -0.2  5.3 -1.9 -0.5 -0.6  3.6  0.8 -0.1  4.6  0.1  0.1 -0.2 -0.1 -2.  -1.5  0.3 -1.3 -1.4 -0.2  1.9  0.3 -0.6 -0.8 -0.9 -0.6  0.8  2.1 -1.4  6.1 -0.1 -0.   3.4 -0.4 -1.4 -0.3 -1.1  1.4 -1.2 -0.2  1.4 -1.1 -1.7 -0.3 -0.2  1.5  1.3 -1.6  6.7  6.4  0.2 -0.7 -0.2 -0.8  0.1 -0.   0.1 -0.7 -0.2  2.9 -0.5  0.2 -0.7 -0.6  1.7 -0.8 -0.7 -1.3  0.9 -0.6 -0.5  2.5 -2.3 -0.3 -0.  -1.2 -0.9  4.8 -0.3  1.8 -0.6 -0.6 -0.1 -0.7 -0.6  3.8  2.6  0.4  1.1 -0.1  2.4 -2.5 -0.3 -0.7  2.5  3.6 -0.3 -1.1 -1.  -1.7 -2.5 -0.4  0.8 -1.6  0.7 -0.2  2.4  1.1  2.1  2.6  0.3 -0.5 -0.   0.9 -1.  -1.2 -0.9]
vy_50sample [[6 8 6 6 6 5 3 3 3]
 [3 9 2 9 6 9 9 9 3]
 [6 3 8 8 6 3 6 3 8]
 [3 6 8 4 7 3 9 6 6]
 [8 8 8 4 7 5 5 8 5]
 [2 2 2 2 2 6 2 2 5]
 [8 6 7 0 0 8 7 6 0]
 [6 4 5 9 5 3 3 5 3]
 [1 2 2 1 1 8 8 1 4]
 [6 6 6 9 6 1 9 6 6]]
vt_50sample [[8 6 7 3 8 6 3 0 9]
 [6 0 2 3 7 7 6 7 5]
 [0 2 8 8 2 7 6 4 0]
 [6 4 5 6 8 8 3 7 1]
 [9 5 2 9 5 6 0 7 6]
 [0 6 2 3 4 4 0 5 7]
 [3 2 3 5 5 5 5 1 5]
 [6 4 2 1 1 1 3 9 9]
 [5 9 3 3 1 0 9 7 1]
 [3 0 9 0 7 8 6 5 8]]
Epoch  1610: Training cost= 0.3029, Training acc= 0.7867, Validation cost= 5.2251, Validation acc= 0.1109
Epoch  1620: Training cost= 0.2493, Training acc= 0.7879, Validation cost= 5.4135, Validation acc= 0.1108
Epoch  1630: Training cost= 0.2089, Training acc= 0.7892, Validation cost= 5.5936, Validation acc= 0.1108
Epoch  1640: Training cost= 0.1779, Training acc= 0.7904, Validation cost= 5.7603, Validation acc= 0.1108
Epoch  1650: Training cost= 0.1537, Training acc= 0.7917, Validation cost= 5.9110, Validation acc= 0.1107
Epoch  1660: Training cost= 0.1346, Training acc= 0.7930, Validation cost= 6.0529, Validation acc= 0.1107
Epoch  1670: Training cost= 0.1190, Training acc= 0.7942, Validation cost= 6.1868, Validation acc= 0.1107
Epoch  1680: Training cost= 0.1063, Training acc= 0.7954, Validation cost= 6.3099, Validation acc= 0.1106
Epoch  1690: Training cost= 0.0958, Training acc= 0.7966, Validation cost= 6.4227, Validation acc= 0.1106
Epoch  1700: Training cost= 0.0868, Training acc= 0.7978, Validation cost= 6.5266, Validation acc= 0.1106
tm  [ 1.   0.5 -1.9  7.6 -0.8 -0.5 -0.9 -0.2 -0.3 -0.9  1.5 -0.3  0.7 -1.5 -0.2 -1.2 -0.2  0.6 -1.5 -1.1  9.9 -0.9  1.7  3.   0.4 -0.4  2.2  4.  -0.5 -0.9 -2.1 -0.3 -0.9 -0.7  2.5  1.8  6.5  1.2  2.   4.8  0.2 -1.1 -0.7 -0.4 -1.7  1.4  3.4  5.5 -0.4 -1.1 -1.3  2.1 -0.9  3.6 -0.3 -0.9 -0.6 -0.6  0.3 -1.4 -0.6 -0.7  2.6  2.1 -1.4 -1.   5.8  1.4  0.7 -0.1  4.3 10.1 -1.2 -1.1 -2.7  4.4 -0.2 -2.5  0.2 -1.8 -0.6  3.7 -0.3 -0.4 -0.9 -0.8  2.  -0.4 -0.2  0.4  1.9 -2.6 -0.6 -1.8 -0.8  2.6 -0.4  3.1 -1.3 -0.2  3.7 -0.4  0.1 -0.3 -0.5 -0.6 -1.5  6.8  2.8 -1.6 -0.7 -0.3  1.7 -1.3  4.1  3.   2.9 -0.5  6.7 -1.  -1.4 -0.6 -1.3  5.5 -0.5  2.6  0.8 -0.7 -0.9  3.   2.8  1.3 -1.4 -1.9  0.3 -2.3 -1.1 -0.7 -2.5  1.6 -0.1  1.3 -0.5 -0.7 -0.8 -0.5  2.1 -1.2  5.5 -0.5  1.2 -1.5 -0.   0.4 -1.5 -0.3 -0.1 -1.6  5.   1.9 -0.9 -0.5 -0.4  3.7 -0.8 -0.5 -0.7  2.9 -0.7 -0.4  0.9  5.7 -0.6 -1.2 -1.5 -1.5 -1.9 -0.9 -2.2  0.  -0.4 -1.5 -0.4  3.3  1.8 -0.2 -1.8 -0.3 -0.4  2.1  4.2 -0.8 -0.9 -1.1 -1.3  3.  -1.9  5.3 -0.3 -2.5 -1.9  4.1  0.1  4.7 -0.2 -1.  -1.7  5.1  1.2 -2.7  2.9 -0.6 -1.4 -0.1 -0.6 -0.6 -1.4 -0.4  2.4 -2.4 -0.6  1.1  3.9 -0.1 -0.6 -0.9 -0.6  0.1  1.  -1.5 -1.1 -0.6  9.7  1.2  2.7 -1.1  4.1 -0.6 -1.5 -1.7 -0.3 -0.9 -0.8  0.5  2.8  0.2  7.1  0.4 -0.7 -0.8 -0.1 -1.  -0.6 -2.1  3.3  1.7]
ty_50sample [[5 0 3 3 7 9 3 5 2]
 [4 5 3 3 7 9 9 9 7]
 [3 4 1 1 0 7 8 4 3]
 [2 4 7 3 0 5 4 0 2]
 [8 0 3 7 1 7 8 0 7]
 [2 1 4 6 0 6 6 2 8]
 [3 7 7 2 2 1 7 0 7]
 [0 8 6 2 6 9 5 3 7]
 [5 4 3 5 7 6 6 9 3]
 [5 5 7 8 0 2 6 5 1]]
tt_50sample [[5 0 3 3 7 9 3 5 2]
 [4 5 3 3 7 9 9 9 7]
 [3 4 1 1 0 7 8 4 3]
 [2 4 7 3 0 5 4 0 2]
 [8 0 3 7 1 7 8 0 7]
 [2 1 4 6 0 6 6 2 8]
 [3 7 7 2 2 1 7 0 7]
 [0 8 6 2 6 9 5 3 7]
 [5 4 3 5 7 6 6 9 3]
 [5 5 7 8 0 2 6 5 1]]
vm  [-0.7  4.9 -0.8  1.2 -0.7  3.1  4.3 -2.3 -2.  -0.3 -0.8 -2.5  4.2 -0.7  0.8 -0.1 -1.1 -0.2 -0.5 -1.5 -0.5 -0.7 -0.4  6.9 -0.8 -0.6  3.4  0.9 -0.3 -0.8 -0.6 -0.5 -0.7 -0.2 -1.3  3.   2.9 -0.8 -2.1 -0.  -1.7 -1.   2.9 -0.5 -0.3  1.1  1.7 -0.5  3.   0.8 -1.2  2.2 -0.   3.1 -1.4 -1.9 -0.4 -0.1  1.4  0.3 -1.1 -0.3  1.7  2.1 -1.5 -0.9 -0.3 -1.7  2.5  1.2  1.7 -0.4 -0.1  0.1 -1.2 -0.   3.8 -1.5  7.5 -1.  -0.5  4.3 -1.9 -0.6 -2.2  2.6  2.3  1.6  1.5 -0.8 -0.2 -0.7 -0.4 -0.1  0.3 -0.2  0.9 -0.2  0.3 -1.2  1.4 -0.6  2.  -1.  -1.4 -1.  -1.9 -0.9 -0.4  0.5  1.5  0.1 -0.5 -2.1 -0.9 -1.  -0.2  2.6 -2.  -1.3 -1.6 -0.2 -1.2 -0.1 -1.9 -0.8  2.4 -1.1  0.1 -0.9  0.3  1.6 -0.7 -0.8  2.2  1.6  0.2 -2.5 -2.6 -0.8 -0.1  6.8 -2.8 -0.5 -0.8  5.   1.7 -0.2  5.9  0.4 -0.3 -0.   0.5 -2.6 -1.6  0.6 -1.5 -1.8 -0.3  2.2 -0.1 -0.6 -0.6 -1.2 -0.8  1.6  3.5 -1.7  7.9 -0.2  0.8  4.2 -0.6 -1.5 -0.3 -1.5  2.2 -1.7 -0.3  1.  -1.3 -2.2 -0.1 -0.4  1.9  3.3 -1.6  8.6  7.8  0.2 -0.9 -0.1 -0.7  0.3 -0.3 -0.1 -1.  -0.3  2.6 -0.7  0.5 -0.7 -0.8  1.  -0.8 -0.9 -1.9  2.  -0.6 -0.7  2.4 -2.6 -0.2  0.9 -1.6 -1.1  6.8 -0.1  2.2 -0.7 -0.5  0.1 -0.6 -0.6  5.3  3.5  1.3  2.1  0.2  3.3 -2.9 -0.3 -0.9  3.6  4.5 -0.1 -1.5 -0.8 -1.9 -3.1  0.   0.7 -1.6  1.2 -0.   3.1  1.9  2.4  2.8  1.  -0.5  0.9  1.6 -1.3 -1.2 -0.8]
vy_50sample [[6 8 6 6 6 8 3 3 3]
 [3 9 2 9 9 9 9 9 3]
 [6 3 8 8 6 3 6 3 6]
 [3 9 8 9 4 3 9 6 9]
 [8 7 8 4 7 5 5 7 5]
 [2 6 2 2 2 1 5 2 6]
 [8 6 4 0 6 5 7 2 6]
 [6 4 4 2 5 3 3 5 0]
 [1 2 2 4 1 4 4 9 4]
 [6 6 6 9 6 9 9 6 6]]
vt_50sample [[8 6 7 3 8 6 3 0 9]
 [6 0 2 3 7 7 6 7 5]
 [0 2 8 8 2 7 6 4 0]
 [6 4 5 6 8 8 3 7 1]
 [9 5 2 9 5 6 0 7 6]
 [0 6 2 3 4 4 0 5 7]
 [3 2 3 5 5 5 5 1 5]
 [6 4 2 1 1 1 3 9 9]
 [5 9 3 3 1 0 9 7 1]
 [3 0 9 0 7 8 6 5 8]]
Epoch  1710: Training cost= 0.0792, Training acc= 0.7990, Validation cost= 6.6259, Validation acc= 0.1105
Epoch  1720: Training cost= 0.0726, Training acc= 0.8002, Validation cost= 6.7187, Validation acc= 0.1105
