Epoch    10: Training cost= 0.6425, Training acc= 0.5984, Validation cost= 0.6321, Validation acc= 0.6309
Epoch    20: Training cost= 0.4728, Training acc= 0.7723, Validation cost= 0.4679, Validation acc= 0.7883
Epoch    30: Training cost= 0.2934, Training acc= 0.8305, Validation cost= 0.2299, Validation acc= 0.8424
Epoch    40: Training cost= 0.1567, Training acc= 0.8587, Validation cost= 0.3181, Validation acc= 0.8646
Epoch    50: Training cost= 0.2373, Training acc= 0.8714, Validation cost= 0.1319, Validation acc= 0.8779
Epoch    60: Training cost= 0.0807, Training acc= 0.8863, Validation cost= 0.1716, Validation acc= 0.8902
Epoch    70: Training cost= 0.0705, Training acc= 0.8984, Validation cost= 0.0798, Validation acc= 0.9011
Epoch    80: Training cost= 0.0452, Training acc= 0.9082, Validation cost= 0.0916, Validation acc= 0.9105
Epoch    90: Training cost= 0.0480, Training acc= 0.9157, Validation cost= 0.0345, Validation acc= 0.9171
Epoch   100: Training cost= 0.0227, Training acc= 0.9232, Validation cost= 0.0519, Validation acc= 0.9239
tm  [-0.1  0.5 -0.1  0.8 -0.1  0.   0.3 -0.  -0.  -0.2 -0.1  0.  -0.1 -0.1 -0.1  0.   0.1 -0.1  0.6  0.2 -0.2  0.4 -0.1 -0.1  0.3 -0.1  0.3 -0.   0.2  0.6  0.2 -0.1  0.5  0.1  0.1 -0.   0.3 -0.1 -0.  -0.1 -0.1  0.4  0.   0.4  0.1 -0.2 -0.   0.   0.2  0.5  0.4 -0.   0.2 -0.1  0.3  0.3 -0.1  0.1 -0.1 -0.   0.1 -0.   0.5 -0.1  0.5 -0.1  0.4 -0.   0.6  0.6 -0.1 -0.  -0.1  0.2  0.4 -0.2 -0.1  0.5  0.3  0.   0.1 -0.1 -0.1  0.   0.4 -0.   0.4 -0.   0.2  0.3 -0.   0.   0.6 -0.2 -0.   0.1  0.1 -0.  -0.1 -0.1 -0.1  0.7 -0.  -0.   0.3  0.5 -0.   0.4  0.4 -0.  -0.1 -0.  -0.1 -0.1  0.   0.4 -0.2 -0.   0.   0.2 -0.  -0.  -0.   0.6  0.2 -0.1  0.3  0.9 -0.  -0.1  0.4 -0.1 -0.   0.5  0.3  0.7  0.3  1.2 -0.1 -0.1  0.4  0.5 -0.  -0.   0.5  0.1 -0.1 -0.1 -0.1  0.5 -0.1 -0.1  0.9  0.2 -0.1 -0.  -0.  -0.1 -0.1 -0.  -0.1 -0.1 -0.1 -0.   0.1 -0.  -0.   0.4  0.   0.6 -0.1  0.3  0.2 -0.1  0.5  0.4 -0.1  0.6 -0.   0.1 -0.1 -0.  -0.1  0.4 -0.2 -0.1  0.1  0.2 -0.1 -0.  -0.1 -0.2 -0.1 -0.1  0.2  0.7 -0.   0.1 -0.1  0.4 -0.1  0.1 -0.  -0.1 -0.1 -0.   0.6 -0.  -0.  -0.1  0.1 -0.  -0.1 -0.   0.1  0.1  0.3 -0.1  0.  -0.   0.  -0.1 -0.   0.1  0.4  0.3 -0.  -0.1  0.3  0.5 -0.1  0.2 -0.1 -0.1 -0.  -0.   0.6 -0.1 -0.1  0.5 -0.1  0.4  0.1 -0.1 -0.2  0.2 -0.1  0.2 -0.1 -0.1 -0.1 -0.1  1.   0.6 -0.   0.1]
ty_50sample [[1 0]
 [1 0]
 [1 0]
 [1 0]
 [1 0]
 [0 1]
 [1 0]
 [1 0]
 [1 0]
 [0 1]]
tt_50sample [[1 0]
 [1 0]
 [1 0]
 [1 0]
 [1 0]
 [0 1]
 [1 0]
 [1 0]
 [1 0]
 [0 1]]
vm  [-0.   0.4 -0.1  0.6 -0.   0.   0.2 -0.  -0.  -0.1 -0.1  0.1 -0.1 -0.1 -0.  -0.   0.  -0.1  0.4  0.2 -0.1  0.2 -0.1 -0.1  0.  -0.   0.2 -0.   0.1  0.4  0.1 -0.1  0.4  0.1 -0.   0.   0.3 -0.1 -0.  -0.  -0.1  0.3 -0.   0.4 -0.  -0.1 -0.   0.   0.   0.4  0.3  0.   0.2 -0.1  0.4  0.2 -0.1  0.1 -0.1 -0.   0.1 -0.   0.4 -0.   0.4 -0.   0.3 -0.   0.4  0.5 -0.1 -0.  -0.1  0.2  0.3 -0.1 -0.1  0.3  0.3  0.   0.  -0.1 -0.1  0.   0.3 -0.   0.4 -0.   0.1  0.1 -0.  -0.   0.3 -0.1 -0.   0.1  0.1 -0.  -0.1 -0.  -0.1  0.5 -0.  -0.   0.1  0.3 -0.1  0.3  0.3  0.  -0.1 -0.  -0.  -0.   0.   0.3 -0.1 -0.  -0.   0.1  0.  -0.  -0.   0.4  0.  -0.1  0.1  0.7 -0.  -0.1  0.3 -0.1 -0.   0.3  0.2  0.5  0.2  0.9 -0.1 -0.1  0.3  0.3 -0.  -0.   0.4  0.1 -0.1 -0.  -0.   0.4 -0.1 -0.   0.6  0.  -0.1 -0.  -0.  -0.1 -0.1  0.  -0.  -0.1 -0.  -0.   0.  -0.  -0.   0.2  0.   0.4 -0.   0.2 -0.  -0.1  0.3  0.3 -0.1  0.5 -0.   0.1 -0.   0.1 -0.1  0.2 -0.1 -0.1  0.   0.2 -0.  -0.  -0.1 -0.1 -0.  -0.1  0.1  0.4 -0.  -0.  -0.1  0.3 -0.1 -0.  -0.  -0.  -0.1 -0.   0.3 -0.   0.  -0.1  0.  -0.  -0.1 -0.   0.1 -0.   0.3 -0.1 -0.  -0.  -0.  -0.1 -0.  -0.   0.4  0.2 -0.  -0.   0.2  0.3 -0.   0.1 -0.1 -0.1 -0.  -0.   0.4 -0.  -0.   0.4 -0.   0.3 -0.  -0.1 -0.1  0.1 -0.1  0.2 -0.  -0.1 -0.1 -0.1  0.8  0.5 -0.   0.1]
vy_50sample [[1 0]
 [0 1]
 [0 1]
 [1 0]
 [0 1]
 [0 1]
 [1 0]
 [0 1]
 [0 1]
 [0 1]]
vt_50sample [[1 0]
 [0 1]
 [0 1]
 [1 0]
 [0 1]
 [0 1]
 [1 0]
 [0 1]
 [0 1]
 [0 1]]
Epoch   110: Training cost= 0.0684, Training acc= 0.9261, Validation cost= 0.0804, Validation acc= 0.9270
Epoch   120: Training cost= 0.1192, Training acc= 0.9285, Validation cost= 0.1184, Validation acc= 0.9285
Epoch   130: Training cost= 0.1888, Training acc= 0.9298, Validation cost= 0.2089, Validation acc= 0.9285
Epoch   140: Training cost= 0.0570, Training acc= 0.9316, Validation cost= 0.0920, Validation acc= 0.9305
Epoch   150: Training cost= 0.0526, Training acc= 0.9340, Validation cost= 0.0741, Validation acc= 0.9327
Epoch   160: Training cost= 0.0525, Training acc= 0.9372, Validation cost= 0.0596, Validation acc= 0.9358
Epoch   170: Training cost= 0.0611, Training acc= 0.9395, Validation cost= 0.0764, Validation acc= 0.9377
Epoch   180: Training cost= 0.0313, Training acc= 0.9407, Validation cost= 0.0954, Validation acc= 0.9390
Epoch   190: Training cost= 0.0341, Training acc= 0.9419, Validation cost= 0.0558, Validation acc= 0.9409
Epoch   200: Training cost= 0.0400, Training acc= 0.9435, Validation cost= 0.0375, Validation acc= 0.9424
tm  [ 0.1  0.6 -0.1  0.8 -0.1  0.5  0.4 -0.1 -0.1 -0.1 -0.2 -0.  -0.1 -0.1 -0.  -0.1 -0.1 -0.1  0.5  0.9 -0.1  0.9 -0.1 -0.2 -0.1  0.1  0.1 -0.1  0.4  0.2  0.2 -0.2  0.3 -0.   0.3 -0.   0.3 -0.1 -0.  -0.1 -0.1  0.2  0.4  0.3 -0.1 -0.1  0.3 -0.  -0.1  0.8  0.7 -0.1 -0.  -0.1  0.1  0.1  0.1  0.2 -0.1  0.1  0.1 -0.1  0.8  0.3  0.4 -0.1  0.3  0.2  0.9  0.5 -0.1  0.3 -0.1 -0.   0.1 -0.2 -0.2  0.2  0.7  0.3 -0.  -0.1 -0.1  0.1  0.2 -0.1  0.7 -0.   0.4 -0.  -0.1 -0.1  0.1 -0.2 -0.   0.8  0.  -0.1 -0.1  0.1 -0.   1.  -0.1 -0.   0.1  0.6 -0.1  0.5  0.4  0.3 -0.1 -0.  -0.1 -0.   0.5  0.2 -0.1 -0.1 -0.1  0.1  0.2 -0.  -0.1  0.9 -0.1 -0.   0.2  0.8  0.1 -0.1  0.1 -0.1 -0.1  0.8  0.2  0.8  0.1  1.5 -0.2 -0.   0.3  0.6 -0.1  0.1  0.2 -0.1 -0.2 -0.1 -0.   0.3 -0.   0.   0.5 -0.1 -0.1  0.3 -0.  -0.  -0.1  0.  -0.2 -0.  -0.1  0.1  0.1 -0.  -0.1  0.6 -0.   0.1  0.2  0.8 -0.1 -0.1  0.4  0.2 -0.2  0.5  0.1  0.5 -0.1  0.3 -0.2  0.  -0.1 -0.1 -0.   0.3 -0.1 -0.1 -0.1 -0.2  0.1 -0.  -0.1  0.5 -0.1 -0.1 -0.2  0.5 -0.1  0.2 -0.   0.2 -0.1 -0.1  0.7 -0.1 -0.1 -0.1  0.6 -0.  -0.2  0.1 -0.  -0.1  0.6 -0.1 -0.  -0.1  0.1 -0.1  0.2 -0.1  0.6  0.2 -0.  -0.1  0.4  0.3 -0.   0.5 -0.2 -0.1 -0.  -0.   0.4 -0.1  0.4  0.1 -0.2  0.1  0.6 -0.1 -0.1  0.7 -0.1 -0.  -0.1 -0.1 -0.1 -0.2  0.9  0.7 -0.1 -0. ]
ty_50sample [[1 0]
 [0 1]
 [0 1]
 [0 1]
 [0 1]
 [1 0]
 [0 1]
 [1 0]
 [1 0]
 [1 0]]
tt_50sample [[1 0]
 [0 1]
 [0 1]
 [0 1]
 [0 1]
 [1 0]
 [0 1]
 [1 0]
 [1 0]
 [1 0]]
vm  [ 0.2  0.2 -0.1 -0.1  0.4  0.5  0.  -0.1 -0.  -0.1 -0.1  0.  -0.1 -0.1  0.  -0.1 -0.1  0.1 -0.1  1.  -0.1  0.8 -0.  -0.1 -0.   0.2  0.  -0.1  0.4 -0.1  0.1 -0.1 -0.1 -0.2  0.3 -0.  -0.1  0.6 -0.   0.1 -0.1 -0.   0.6 -0.1 -0.2  0.6  0.1 -0.  -0.1  0.6  0.5 -0.   0.1 -0.1 -0.1  0.1  0.2  0.1 -0.   0.3  0.  -0.1  0.5  0.4 -0.  -0.1 -0.1  0.4  0.3 -0.1  0.3  0.4  0.5 -0.1 -0.  -0.2 -0.  -0.1  0.4  0.5 -0.1 -0.   0.5  0.3 -0.  -0.1  0.4  0.2  0.4 -0.1 -0.1 -0.  -0.1 -0.1 -0.   0.6 -0.  -0.2 -0.   0.4  0.2  0.6  0.  -0.   0.1 -0.1  0.1  0.1  0.2  0.4 -0.  -0.1  0.1 -0.1  0.2 -0.1 -0.1 -0.  -0.   0.3  0.3 -0.  -0.  -0.  -0.1 -0.  -0.  -0.1  0.5 -0.  -0.1  0.3 -0.1  0.2 -0.  -0.1 -0.1  0.3 -0.   0.5  0.1  0.3 -0.1  0.2 -0.1 -0.2  0.2 -0.   0.2 -0.1  0.6  0.   0.  -0.2 -0.   0.4 -0.1 -0.1 -0.1  0.1  0.1 -0.   0.4  0.2 -0.  -0.   0.4  0.2  0.1 -0.   0.4  0.7 -0.1 -0.  -0.   0.2 -0.1 -0.2  0.1  0.4 -0.   0.3 -0.2  0.1  0.   0.4 -0.   0.4 -0.1  0.  -0.   0.   0.1  0.5 -0.1 -0.1 -0.1 -0.3 -0.1  0.3  0.2  0.3  0.2  0.3 -0.  -0.1  0.1 -0.   0.3  0.2  0.7 -0.  -0.1  0.4 -0.1 -0.1  0.4  0.3  0.1 -0.   0.1 -0.1  0.5 -0.1  0.3 -0.  -0.   0.1  0.1  0.   0.3  0.6 -0.1  0.5  0.1 -0.  -0.  -0.1  0.6 -0.1 -0.1  0.1  0.6 -0.1  0.9  0.7 -0.1 -0.1  0.3 -0.1  0.3 -0.  -0.1 -0.1 -0.2 -0.1]
vy_50sample [[0 1]
 [0 1]
 [0 1]
 [1 0]
 [1 0]
 [1 0]
 [1 0]
 [0 1]
 [1 0]
 [0 1]]
vt_50sample [[0 1]
 [0 1]
 [0 1]
 [1 0]
 [1 0]
 [1 0]
 [1 0]
 [0 1]
 [1 0]
 [0 1]]
Epoch   210: Training cost= 0.0308, Training acc= 0.9451, Validation cost= 0.0535, Validation acc= 0.9444
Epoch   220: Training cost= 0.0351, Training acc= 0.9467, Validation cost= 0.0706, Validation acc= 0.9457
Epoch   230: Training cost= 0.0495, Training acc= 0.9480, Validation cost= 0.0441, Validation acc= 0.9474
Epoch   240: Training cost= 0.0320, Training acc= 0.9496, Validation cost= 0.0834, Validation acc= 0.9490
Epoch   250: Training cost= 0.0357, Training acc= 0.9511, Validation cost= 0.0302, Validation acc= 0.9504
