Epoch    10: Training cost= 2.4111, Training acc= 0.1063, Validation cost= 2.3974, Validation acc= 0.1044
Epoch    20: Training cost= 2.2688, Training acc= 0.1202, Validation cost= 2.3156, Validation acc= 0.1079
Epoch    30: Training cost= 2.2183, Training acc= 0.1336, Validation cost= 2.2977, Validation acc= 0.1125
Epoch    40: Training cost= 2.1642, Training acc= 0.1490, Validation cost= 2.2515, Validation acc= 0.1195
Epoch    50: Training cost= 2.1349, Training acc= 0.1621, Validation cost= 2.2400, Validation acc= 0.1251
Epoch    60: Training cost= 2.1598, Training acc= 0.1725, Validation cost= 2.2559, Validation acc= 0.1277
Epoch    70: Training cost= 2.1514, Training acc= 0.1801, Validation cost= 2.2669, Validation acc= 0.1280
Epoch    80: Training cost= 2.1232, Training acc= 0.1879, Validation cost= 2.3502, Validation acc= 0.1281
Epoch    90: Training cost= 2.0414, Training acc= 0.1955, Validation cost= 2.2703, Validation acc= 0.1286
Epoch   100: Training cost= 2.0391, Training acc= 0.2037, Validation cost= 2.3269, Validation acc= 0.1290
tm  [ 0.6 -0.5  0.4 -0.2 -0.   0.5  0.  -0.  -0.2 -0.4  0.6  0.   0.9 -0.5  0.5 -0.1  0.2  0.9  0.8 -0.4  1.6  1.1  0.7 -0.5 -0.5  1.5 -0.8  0.9  2.  -0.1 -0.3 -0.4 -0.1  0.3  1.2  0.8  1.1 -0.2  0.5  0.3 -0.3 -0.4 -0.1 -0.4 -0.5  0.3  0.8  0.9 -0.3 -0.  -0.2  0.9 -0.2  2.3  0.8 -0.1 -0.3 -0.2  0.5  1.2 -0.  -0.4 -0.4  0.6 -0.5  0.9  0.2 -0.3  0.7  0.1 -0.1 -0.  -0.1 -0.3 -0.  -0.2  0.4  0.8  0.4  1.6 -0.3 -0.1 -0.  -0.4 -0.1 -0.3  0.1 -0.1  1.9 -0.  -0.3 -0.4  0.  -0.3 -0.3 -0.1 -0.3 -0.1  1.9  1.5  1.   0.4  0.4  0.   0.3 -0.  -0.8 -0.1  1.  -0.1 -0.7  0.  -0.   0.7  1.2 -0.1  0.3  0.  -0.3 -0.4 -0.1 -0.1  1.4  0.3 -0.6  0.7  0.2 -0.2  0.7 -0.2  1.  -0.3 -0.   1.3 -0.2  1.6 -0.5  0.7 -0.5 -0.2  0.3  0.5  0.3 -0.7 -0.3 -0.5 -0.2  0.8  0.1 -0.4  0.5 -0.3 -0.4  0.1 -0.1 -0.3 -0.   1.4 -0.2 -0.4  1.4 -0.7  0.5  0.3  0.4 -0.3 -0.1  0.7 -0.3 -0.7  0.8  1.5 -0.1 -0.5 -0.3 -0.1 -0.3  0.  -0.1  1.6 -0.1 -0.4 -0.2  0.1  0.1 -0.7 -0.  -0.1 -0.3  1.4 -0.1  1.  -0.5 -0.  -0.3 -0.1  0.  -0.2 -0.2  1.5 -0.5 -0.  -0.   0.9  0.8 -0.  -0.4 -0.2 -0.4 -0.2  0.6 -0.3  1.  -0.  -0.1 -0.4  0.6 -0.2  0.8 -0.2  0.8 -0.1  0.8 -0.5  2.4 -0.   0.8  1.1  1.2 -0.7 -0.2  1.1  0.3 -0.4  0.3 -0.2  0.8 -0.5  1.2 -0.2 -0.2  0.8  1.1  1.3  0.6 -0.  -0.1  0.1  2.  -0.3 -0.1 -0.1 -0.3 -0.1  0.3 -0.4]
ty_50sample [[1 3 3 3 1]
 [3 3 3 6 0]
 [0 4 0 0 0]
 [3 3 9 9 3]
 [0 0 1 0 3]
 [1 2 2 3 3]
 [7 6 4 6 6]
 [3 4 4 0 0]
 [0 1 0 0 8]
 [1 1 4 4 2]]
tt_50sample [[5 0 3 3 7]
 [9 1 4 6 8]
 [4 0 2 5 5]
 [3 1 9 9 6]
 [7 0 3 0 3]
 [3 2 9 9 3]
 [6 1 6 6 6]
 [3 4 4 3 6]
 [1 3 7 8 8]
 [8 6 6 5 2]]
vm  [-0.3  0.4 -0.1  1.  -0.1  0.9 -0.4 -0.7 -0.6  0.2  1.1 -0.2  0.8 -0.8 -0.2 -0.  -0.2  0.3  1.2 -0.   1.2 -0.2 -0.2 -0.2 -0.9 -0.3 -1.   1.3  2.9 -0.5 -0.8 -0.5  0.6 -0.   0.1 -0.4  2.9 -1.2 -0.4 -0.2 -0.4 -0.5 -0.8  0.7 -0.6  1.1 -0.1 -0.  -0.4  1.9 -0.2  0.1 -0.1  1.7 -0.  -0.2 -0.7 -0.2  0.1  0.4 -0.  -0.4  0.8  1.4 -0.2  0.3  1.1 -0.6  1.1  0.6 -0.1 -0.2  1.6  0.3 -0.9  0.8 -0.2  0.6  0.9 -0.3 -0.6 -0.1  0.3  0.7 -0.2 -0.3  1.6  0.6  1.8  1.3 -0.1  0.5 -0.1 -0.5 -0.2  0.2 -0.9  0.3  1.7  0.5 -0.3 -0.   0.7  0.6  2.2  0.3 -0.8 -0.5  0.5  0.2 -0.1 -0.2 -0.2 -0.2  2.3  1.  -0.4 -0.  -0.4 -0.4 -0.4  1.6  1.   0.4 -0.8  1.5 -0.  -0.7 -0.9  1.1 -0.2 -1.   0.7 -0.1 -0.1 -0.   1.3  0.4 -0.9 -0.8 -0.1  2.1  0.5 -1.   0.8 -0.6  1.2 -0.1  0.3 -0.6  0.4  0.3 -0.6  1.  -0.2 -0.5 -0.1 -0.2 -0.1 -0.6  0.2 -0.5 -0.1  3.2  1.4 -0.6 -0.1  0.1  0.3 -0.5  0.1  1.7 -0.1 -0.4 -0.5  1.1 -0.4  0.1 -0.5  1.1 -0.2 -0.3  0.2  0.5  0.7 -0.7 -0.5  1.3  0.4  1.7  0.9 -0.3 -0.3 -0.   0.1 -0.3 -0.4  0.1 -0.4 -0.3 -0.1 -0.2 -0.  -0.1 -0.3 -0.8 -0.3  2.6  1.2 -0.6  0.3 -0.3  0.4  1.7 -0.4 -0.2  0.  -0.2 -0.4 -0.6  1.6 -0.3  0.5 -0.7  1.4  0.3 -0.4  0.5  0.3 -0.5 -0.4  1.7  1.5 -0.1  1.   0.4  1.1 -0.5  0.7  0.   0.  -0.1 -0.2 -0.1 -0.1 -0.1  2.5 -0.4  0.1 -0.8 -0.   0.1  0.5 -0.1 -0.5 -0.5]
vy_50sample [[1 0 0 0 0]
 [3 1 1 1 1]
 [4 2 4 4 2]
 [4 3 4 3 3]
 [2 2 2 2 2]
 [1 3 1 2 1]
 [2 3 2 3 3]
 [4 6 4 4 4]
 [4 4 2 4 3]
 [1 1 4 1 0]]
vt_50sample [[1 1 3 9 2]
 [4 7 3 2 2]
 [7 1 6 4 6]
 [4 7 9 3 4]
 [5 7 0 7 4]
 [9 0 6 0 4]
 [9 6 2 6 9]
 [6 4 2 6 3]
 [4 4 3 7 7]
 [6 4 2 1 2]]
Epoch   110: Training cost= 1.9352, Training acc= 0.2128, Validation cost= 2.3463, Validation acc= 0.1300
Epoch   120: Training cost= 1.8800, Training acc= 0.2222, Validation cost= 2.3200, Validation acc= 0.1310
Epoch   130: Training cost= 1.8154, Training acc= 0.2321, Validation cost= 2.3462, Validation acc= 0.1319
Epoch   140: Training cost= 1.7195, Training acc= 0.2422, Validation cost= 2.3979, Validation acc= 0.1329
Epoch   150: Training cost= 1.6382, Training acc= 0.2525, Validation cost= 2.4512, Validation acc= 0.1336
Epoch   160: Training cost= 1.5938, Training acc= 0.2626, Validation cost= 2.5107, Validation acc= 0.1342
Epoch   170: Training cost= 1.4785, Training acc= 0.2731, Validation cost= 2.6003, Validation acc= 0.1348
Epoch   180: Training cost= 1.5791, Training acc= 0.2831, Validation cost= 2.6935, Validation acc= 0.1354
Epoch   190: Training cost= 1.4152, Training acc= 0.2917, Validation cost= 2.6546, Validation acc= 0.1359
Epoch   200: Training cost= 1.3210, Training acc= 0.3019, Validation cost= 2.7798, Validation acc= 0.1363
tm  [ 0.9 -0.6  1.3 -0.5  0.6  0.4  0.5  0.5  0.5 -1.  -0.   0.4  0.8 -0.6  1.1 -0.   1.   1.7  1.4 -0.7  2.3  1.6  2.3 -0.4 -0.7  1.4 -1.2  1.5  2.2  0.7 -0.4 -0.4 -0.1  1.2  0.5  0.4  2.5  0.3 -0.   1.1 -0.  -0.2  0.1 -0.5 -0.4  0.8  1.   2.2 -0.2 -0.  -0.2  1.3 -0.3  3.   1.5 -0.1 -0.5 -0.   1.1  2.2 -0.  -0.7 -0.4  0.7 -0.4 -0.1  0.9 -0.6  0.9  0.3  0.  -0.2 -0.2 -0.2  0.3  0.4 -0.1  2.   0.9  2.3 -0.4 -0.1 -0.  -0.2 -0.1 -0.4  0.2 -0.   1.8 -0.1 -0.6 -0.7  0.1 -0.3 -0.5 -0.2 -0.4 -0.1  2.7  2.4  0.2  0.1  0.6  1.2 -0.   0.7 -1.1 -0.2  1.5 -0.  -1.   0.1 -0.4  2.1  1.7  0.3  0.8  0.1 -0.2 -0.8 -0.5 -0.2  2.2 -0.  -0.5 -0.1  0.1 -0.2  1.5 -0.6  1.5 -0.6 -0.1  2.1 -0.2  3.4 -0.3  1.2 -0.8 -0.2  0.4  0.5 -0.  -0.5 -0.4 -0.2 -0.1  1.2  0.6 -0.4 -0.  -0.8 -0.5  0.8 -0.1 -0.2  2.5  1.4 -0.2 -0.6  2.8 -0.5  1.5 -0.   1.5 -0.4 -0.1  0.2 -0.1 -0.9  1.7  1.5 -0.5 -0.9 -0.  -0.  -0.3 -0.2 -0.   2.9  0.4 -0.5  0.  -0.2  0.  -0.9  0.3 -0.2 -0.1  2.  -0.2  0.2 -0.3 -0.2 -0.5 -0.2  0.   0.2  0.2  2.6 -0.8  0.2 -0.   1.6  0.5 -0.1 -0.4 -0.3 -0.4 -0.2  0.6 -0.6  1.4 -0.1 -0.2 -0.4  1.6 -0.3  1.6 -0.1  0.6 -0.2  1.7 -0.6  2.8  0.   0.9  2.3  1.2 -0.9  0.2  1.7 -0.1 -0.4  0.1 -0.4  0.6 -0.6  2.   0.  -0.3  1.   0.9  2.4  0.9 -0.2  0.  -0.2  2.6 -0.5 -0.   0.6 -0.5  0.  -0.  -0.3]
ty_50sample [[5 3 3 3 7]
 [8 6 8 6 8]
 [5 5 5 5 5]
 [3 9 9 9 9]
 [0 0 0 0 3]
 [3 9 9 3 3]
 [6 6 6 6 6]
 [4 4 4 4 4]
 [1 8 7 8 8]
 [8 6 6 6 2]]
tt_50sample [[5 0 3 3 7]
 [9 1 4 6 8]
 [4 0 2 5 5]
 [3 1 9 9 6]
 [7 0 3 0 3]
 [3 2 9 9 3]
 [6 1 6 6 6]
 [3 4 4 3 6]
 [1 3 7 8 8]
 [8 6 6 5 2]]
vm  [-0.5  0.7 -0.2  1.8  0.3  0.6 -0.2 -0.5 -0.5  0.2  1.6 -0.2  0.8 -1.2 -0.3  0.   0.3  0.9  2.4 -0.2  0.3 -0.3 -0.3 -0.1 -0.8 -0.3 -0.9  2.9  2.7 -0.5 -1.  -0.4  1.5  0.3 -0.1 -0.7  3.5 -1.6 -0.  -0.3 -0.3 -0.1 -0.9  0.8 -0.6  0.8  0.1  0.7 -0.5  2.3  0.6  0.8 -0.2  2.1 -0.2 -0.5 -0.6 -0.1 -0.2  0.4  1.  -0.3  0.9  1.9 -0.2  1.7  2.1 -0.6  2.1  1.  -0.2 -0.4  2.2  0.7 -1.1  0.8 -0.3  2.1  1.2 -0.5 -0.6 -0.4  1.5  1.6 -0.2 -0.3  1.2  0.2  1.6  2.7 -0.2  1.1  0.1 -0.8 -0.   0.2 -0.8 -0.   2.8  1.1 -0.3  0.6  1.8  2.2  1.3  0.9 -1.2 -0.4  0.5 -0.1 -0.  -0.2 -0.3 -0.3  3.   2.  -0.5 -0.1 -0.1 -0.4 -0.3  2.5  2.   0.  -0.6  2.2  0.6 -0.7 -0.9  0.6 -0.2 -1.   0.5  1.   0.7 -0.1  3.   1.  -0.8 -0.9  0.3  2.1  0.7 -1.1  0.3 -0.3  2.7 -0.1  1.8 -0.7  0.5  0.9 -0.9  2.5 -0.6 -0.5  1.3 -0.2 -0.2 -0.8  0.2 -0.1 -0.2  4.1  3.2 -0.6 -0.1  0.5  1.5 -0.5  0.9  1.6  0.8 -0.6 -0.5  1.9 -0.3 -0.3 -0.4  0.3 -0.5 -0.4  1.   1.   1.6 -0.3 -0.6  2.2  0.3  2.   1.3 -0.5 -0.1  0.8  1.  -0.5 -0.6  0.9 -0.4 -0.2 -0.3  0.6  0.9 -0.1 -0.5 -1.  -0.2  3.9  0.3 -0.6 -0.1 -0.7  0.4  2.5 -0.6  0.1  1.4 -0.7 -0.6 -0.8  1.6 -0.5  1.4 -0.6  1.3 -0.1 -0.7  1.7  0.7 -0.6 -0.4  2.6  2.5 -0.1  1.1 -0.3  0.4 -0.1  1.  -0.   0.9 -0.1 -0.4  0.1  0.1 -0.4  2.5 -0.5 -0.  -0.8  0.2  0.5 -0.1 -0.3 -0.7 -0.4]
vy_50sample [[1 1 1 1 1]
 [8 1 1 8 8]
 [8 8 8 8 8]
 [8 8 8 8 8]
 [6 4 3 9 3]
 [1 1 1 1 1]
 [9 9 9 9 9]
 [4 4 5 4 4]
 [4 4 5 5 5]
 [1 1 1 1 1]]
vt_50sample [[1 1 3 9 2]
 [4 7 3 2 2]
 [7 1 6 4 6]
 [4 7 9 3 4]
 [5 7 0 7 4]
 [9 0 6 0 4]
 [9 6 2 6 9]
 [6 4 2 6 3]
 [4 4 3 7 7]
 [6 4 2 1 2]]
Epoch   210: Training cost= 1.2416, Training acc= 0.3129, Validation cost= 2.8404, Validation acc= 0.1369
Epoch   220: Training cost= 1.1876, Training acc= 0.3238, Validation cost= 2.9535, Validation acc= 0.1372
Epoch   230: Training cost= 1.1701, Training acc= 0.3349, Validation cost= 3.0924, Validation acc= 0.1375
Epoch   240: Training cost= 1.1494, Training acc= 0.3438, Validation cost= 3.2160, Validation acc= 0.1376
Epoch   250: Training cost= 1.0453, Training acc= 0.3535, Validation cost= 3.1484, Validation acc= 0.1378
Epoch   260: Training cost= 0.9793, Training acc= 0.3645, Validation cost= 3.2461, Validation acc= 0.1381
Epoch   270: Training cost= 0.9042, Training acc= 0.3761, Validation cost= 3.4125, Validation acc= 0.1383
Epoch   280: Training cost= 0.8649, Training acc= 0.3877, Validation cost= 3.5513, Validation acc= 0.1384
Epoch   290: Training cost= 0.8460, Training acc= 0.3985, Validation cost= 3.6802, Validation acc= 0.1385
Epoch   300: Training cost= 0.9694, Training acc= 0.4073, Validation cost= 3.6284, Validation acc= 0.1385
tm  [ 0.8 -0.7  2.2 -0.7  1.2  0.8  0.3  0.5  0.7 -1.5 -0.1  1.2  1.3 -0.6  1.7 -0.3  1.   2.3  2.3 -1.   3.4  2.2  3.1 -0.4 -0.8  1.4 -1.3  1.8  2.8  1.3 -0.4 -0.3 -0.   2.4  0.5  0.8  3.1  0.5 -0.4  1.4  0.7 -0.3  1.1 -0.5 -0.4  1.   1.4  3.4 -0.1 -0.2 -0.4  0.9 -0.4  3.6  2.8 -0.3 -0.8 -0.3  1.9  2.6 -0.4 -0.8 -0.7  1.1 -0.3  0.1  1.6 -0.8  1.3  0.4  0.3 -0.2 -0.4 -0.1  0.3  0.7 -0.1  2.6  2.1  3.2 -0.3 -0.2 -0.3 -0.   1.  -0.6  0.1  0.3  1.7 -0.1 -0.7 -1.1 -0.2 -0.4 -0.6 -0.4 -0.4 -0.1  3.5  3.5  0.4  0.6  0.9  1.3 -0.1  1.2 -1.3 -0.3  1.4 -0.1 -1.2 -0.  -0.4  2.2  2.2  0.4  0.1  0.2 -0.2 -0.9 -0.6 -0.4  2.7 -0.1 -0.5 -0.2  0.7 -0.3  1.4 -0.9  1.9 -0.9 -0.2  2.5 -0.2  4.7 -0.4  1.8 -0.8 -0.3  0.6  1.  -0.  -0.4 -0.4 -0.3 -0.4  0.7  0.5 -0.4 -0.  -1.1 -0.6  1.1 -0.3 -0.1  2.9  1.6 -0.3 -0.8  3.6 -0.8  2.  -0.2  1.9 -0.4  0.3 -0.   0.4 -1.2  2.2  1.7 -0.7 -1.   0.2 -0.1 -0.6 -0.2  0.1  3.6  0.6 -0.5 -0.1 -0.4 -0.  -0.9  0.3 -0.5 -0.2  2.1 -0.2 -0.  -0.2 -0.3 -0.5 -0.5  0.   0.9  1.1  3.8 -1.   0.4  0.3  1.4  0.1  0.2 -0.4 -0.2 -0.5 -0.3  0.1 -0.8  1.8 -0.3 -0.1 -0.3  2.6 -0.4  2.   0.3  0.4 -0.1  1.8 -0.9  3.7  0.2  0.3  3.4  1.3 -1.1  1.   1.6 -0.4 -0.1  0.1 -0.5  1.4 -0.9  3.2  0.3 -0.4  1.4 -0.1  2.9  2.2 -0.3 -0.2 -0.3  3.1 -0.7 -0.   0.2 -0.4  0.3 -0.1 -0.2]
ty_50sample [[5 0 3 3 7]
 [1 1 4 6 8]
 [4 5 5 5 5]
 [3 1 9 9 9]
 [3 0 3 0 3]
 [3 2 9 3 3]
 [6 6 6 6 6]
 [3 4 4 3 6]
 [1 3 7 8 8]
 [8 6 6 5 2]]
tt_50sample [[5 0 3 3 7]
 [9 1 4 6 8]
 [4 0 2 5 5]
 [3 1 9 9 6]
 [7 0 3 0 3]
 [3 2 9 9 3]
 [6 1 6 6 6]
 [3 4 4 3 6]
 [1 3 7 8 8]
 [8 6 6 5 2]]
vm  [-0.5  1.3 -0.3  2.   0.6  0.4 -0.3 -0.3 -0.4  0.4  1.4 -0.1  0.6 -1.3 -0.6  0.1 -0.2  1.4  3.3 -0.2  0.3 -0.4 -0.5 -0.1 -0.8 -0.4 -1.1  4.3  3.  -0.5 -1.1 -0.6  1.8  0.8 -0.2 -0.9  3.7 -2.1  2.1 -0.  -0.1 -0.3 -1.   1.7 -0.7  0.5  0.5  1.4 -0.7  2.7  0.3  1.3 -0.3  1.9 -0.5 -0.6 -0.6 -0.  -0.2 -0.1  1.6 -0.1  0.9  2.8 -0.3  2.1  2.9 -0.6  2.4  1.3 -0.2 -0.3  2.1  1.1 -1.2  1.3 -0.6  3.   1.5 -0.6 -0.6 -0.7  1.9  1.7 -0.1 -0.5  0.6  0.7  1.9  3.4 -0.3  1.2  0.5 -1.2 -0.  -0.1 -1.1 -0.   3.2  1.  -0.7  0.8  2.   2.9  2.   1.5 -1.3 -0.7  1.  -0.3 -0.2 -0.5 -0.  -0.4  3.9  2.9 -0.9  0.3  0.2 -0.6 -0.2  3.9  2.3  0.6 -0.4  3.1  2.1 -0.6 -0.9 -0.  -0.4 -1.2  0.6  1.   0.5 -0.2  4.4  1.8 -1.1 -1.2  0.8  2.9  0.6 -1.3 -0.1 -0.1  2.5  0.1  2.2 -1.   0.9  1.4 -1.3  3.  -0.6 -0.6  1.7 -0.1 -0.2 -1.3  0.7 -0.3 -0.5  5.3  3.9 -0.6  0.3  0.8  2.  -0.6  1.2  1.3  1.7 -0.8 -0.6  2.8 -0.3 -0.3 -0.6 -0.1 -0.7 -0.6  1.   1.5  3.  -0.4 -0.6  2.  -0.   1.8  1.8 -0.6  0.7  0.8  1.1 -0.5 -0.5  1.3 -0.5 -0.4 -0.5  0.6  1.2 -0.4 -0.7 -1.1 -0.2  4.8  0.5 -0.7 -0.2 -1.1 -0.   2.8 -0.9  0.7  1.8 -0.8 -0.7 -1.1  1.5 -0.5  1.4 -0.8  1.4 -0.3 -0.7  2.2  0.5 -0.6 -0.4  3.1  3.1 -0.3  1.3 -0.7  0.2 -0.1  1.  -0.2  1.2 -0.4 -0.5  0.4  0.4 -0.6  2.8 -0.7  0.1 -1.   0.5  1.3 -0.3 -0.4 -1.  -0.3]
vy_50sample [[1 4 4 4 1]
 [8 8 1 8 8]
 [4 4 8 4 4]
 [8 8 8 8 3]
 [6 3 3 3 3]
 [1 1 1 1 1]
 [3 3 3 3 3]
 [4 6 5 4 6]
 [5 4 5 5 5]
 [1 1 1 1 1]]
vt_50sample [[1 1 3 9 2]
 [4 7 3 2 2]
 [7 1 6 4 6]
 [4 7 9 3 4]
 [5 7 0 7 4]
 [9 0 6 0 4]
 [9 6 2 6 9]
 [6 4 2 6 3]
 [4 4 3 7 7]
 [6 4 2 1 2]]
Epoch   310: Training cost= 0.8223, Training acc= 0.4160, Validation cost= 3.6193, Validation acc= 0.1385
Epoch   320: Training cost= 0.7492, Training acc= 0.4263, Validation cost= 3.6778, Validation acc= 0.1385
Epoch   330: Training cost= 0.6899, Training acc= 0.4376, Validation cost= 3.8195, Validation acc= 0.1387
Epoch   340: Training cost= 0.6185, Training acc= 0.4496, Validation cost= 4.0020, Validation acc= 0.1388
Epoch   350: Training cost= 0.5820, Training acc= 0.4618, Validation cost= 4.1921, Validation acc= 0.1390
Epoch   360: Training cost= 0.5492, Training acc= 0.4737, Validation cost= 4.3832, Validation acc= 0.1391
Epoch   370: Training cost= 0.5353, Training acc= 0.4850, Validation cost= 4.4641, Validation acc= 0.1392
Epoch   380: Training cost= 0.5873, Training acc= 0.4944, Validation cost= 4.6028, Validation acc= 0.1392
Epoch   390: Training cost= 0.5520, Training acc= 0.5028, Validation cost= 4.4251, Validation acc= 0.1392
Epoch   400: Training cost= 0.5116, Training acc= 0.5114, Validation cost= 4.4107, Validation acc= 0.1391
tm  [ 0.9 -1.   3.1 -0.6  1.7  0.6  1.   0.7  1.3 -1.7 -0.3  0.9  2.2 -0.6  1.8 -0.4  0.2  2.4  3.1 -1.3  4.1  2.4  3.9 -0.5 -0.8  2.  -1.5  1.6  2.6  1.5 -0.3 -0.5 -0.2  2.8  0.3  0.2  3.4  0.6 -0.7  1.6  1.3 -0.2  2.  -0.8 -0.3  0.9  1.7  4.1 -0.2 -0.2 -0.4  1.  -0.6  4.3  3.5 -0.4 -1.2 -0.4  3.3  3.1 -0.6 -0.8 -0.8  0.9 -0.3  0.4  1.5 -1.1  1.5  1.3  0.8 -0.5 -0.2  0.5  0.4  0.4 -0.1  2.3  2.2  3.3 -0.3 -0.3 -0.7 -0.2  1.2 -0.7 -0.1 -0.1  1.5 -0.2 -0.7 -1.5 -0.2 -0.3 -0.7 -0.6 -0.5 -0.2  4.3  4.   0.3  0.5  1.4  1.6 -0.5  1.5 -1.5 -0.6  1.2 -0.5 -1.3 -0.  -0.5  1.8  1.9  0.8  0.5 -0.2 -0.3 -1.1 -1.  -0.6  3.  -0.1 -0.6 -0.2  0.8 -0.4  1.9 -0.9  2.7 -1.1 -0.4  3.3 -0.2  5.5 -0.4  2.1 -0.9 -0.3  0.6  0.5 -0.  -0.5 -0.3 -0.5 -0.4  0.8  0.8 -0.5 -0.4 -1.5 -0.5  0.9 -0.4  0.5  3.7  1.8 -0.5 -1.   3.9 -0.9  2.4 -0.1  2.3 -0.3  0.6 -0.   0.5 -1.3  2.9  1.9 -1.1 -1.5  0.4 -0.1 -0.8 -0.2 -0.1  4.1  0.8 -0.4  0.1 -0.5  0.3 -0.7  0.4 -0.7  0.   1.9 -0.4 -0.  -0.3 -0.1 -0.4 -0.5 -0.   0.1  1.8  4.7 -1.3  1.3  0.8  2.1  0.3 -0.1 -0.6 -0.2 -0.6 -0.3  0.2 -1.   2.8 -0.4 -0.1 -0.3  3.3 -0.5  2.4  0.4  0.9 -0.4  2.2 -0.9  4.3  0.4  0.4  3.7  1.6 -1.2  1.2  1.2 -0.5 -0.1  0.2 -0.6  1.1 -1.3  3.9  0.3 -0.3  1.8 -0.1  3.5  2.8 -0.4 -0.4 -0.3  3.5 -0.7 -0.  -0.  -0.4  0.7 -0.  -0.3]
ty_50sample [[5 0 3 3 7]
 [9 9 4 6 8]
 [4 0 2 5 5]
 [3 1 9 9 6]
 [0 0 3 0 3]
 [3 2 9 9 3]
 [6 1 6 6 6]
 [3 4 4 3 6]
 [1 3 7 8 8]
 [8 6 6 5 2]]
tt_50sample [[5 0 3 3 7]
 [9 1 4 6 8]
 [4 0 2 5 5]
 [3 1 9 9 6]
 [7 0 3 0 3]
 [3 2 9 9 3]
 [6 1 6 6 6]
 [3 4 4 3 6]
 [1 3 7 8 8]
 [8 6 6 5 2]]
vm  [-0.4  1.4 -0.3  2.   0.7  0.3  0.3 -0.1 -0.7  0.9  1.  -0.1  0.9 -1.4 -0.7 -0.  -0.4  1.3  3.6 -0.3  0.4 -0.7 -0.5 -0.1 -0.6 -0.4 -1.3  5.3  3.4 -0.5 -1.  -0.6  1.8  1.2 -0.3 -0.9  4.3 -2.6  3.2  0.3 -0.1 -0.3 -1.3  1.8 -0.7  0.1  0.1  1.  -0.8  2.3  0.4  1.3 -0.3  2.5 -0.5 -0.9 -0.7 -0.2 -0.1  0.5  1.6 -0.2  1.5  2.7 -0.3  1.7  3.7 -0.7  3.3  1.2 -0.4 -0.4  2.3  1.6 -1.4  1.7 -0.7  3.7  1.1 -0.9 -0.7 -0.9  1.5  2.2 -0.3 -0.9  0.3  0.2  2.   3.  -0.2  0.6  0.1 -1.4 -0.2 -0.3 -1.5  0.   4.   0.9 -0.9  1.2  2.4  3.8  1.6  1.8 -1.6 -0.8  0.9 -0.5 -0.4 -0.6  0.  -0.6  4.6  3.8 -1.1  0.8  0.7 -0.7 -0.2  4.4  1.8  0.5 -0.4  4.1  2.9 -0.6 -0.9  0.4 -0.5 -1.6  0.7  0.9  0.8 -0.3  5.1  2.6 -1.2 -1.4  1.9  3.3  0.7 -1.4 -0.1 -0.2  2.2  0.7  2.2 -1.2  0.8  1.3 -1.4  3.8 -0.7 -0.8  2.  -0.2 -0.3 -1.6  1.6 -0.3 -0.6  6.   4.7 -0.8 -0.   1.4  1.9 -0.7  1.6  2.1  2.1 -1.  -0.7  3.3 -0.3 -0.3 -0.7 -0.  -0.8 -0.8  0.3  1.6  3.9 -0.4 -1.   1.9  0.2  1.6  2.  -0.9  0.6  0.2  1.2 -0.6 -0.7  2.4 -0.6 -0.5 -0.8  0.8  0.7 -0.3 -0.9 -1.4 -0.5  5.4 -0.1 -0.8 -0.3 -1.4  0.1  2.7 -1.   1.5  1.7 -1.1 -0.8 -1.3  1.6 -0.6  1.1 -1.   1.2 -0.3 -0.8  2.5  0.6 -0.5 -0.7  2.9  4.6 -0.2  1.5 -1.   0.4 -0.2  1.2 -0.3  1.5 -0.6 -0.4  0.8 -0.  -0.6  2.5 -0.8  0.5 -1.   0.5  1.1 -0.4 -0.5 -1.1  0. ]
vy_50sample [[5 0 5 0 0]
 [3 8 0 8 8]
 [4 4 8 4 4]
 [8 8 8 8 8]
 [6 4 2 2 3]
 [1 1 1 1 1]
 [9 9 9 9 9]
 [4 4 5 4 4]
 [4 4 2 5 5]
 [1 1 1 1 2]]
vt_50sample [[1 1 3 9 2]
 [4 7 3 2 2]
 [7 1 6 4 6]
 [4 7 9 3 4]
 [5 7 0 7 4]
 [9 0 6 0 4]
 [9 6 2 6 9]
 [6 4 2 6 3]
 [4 4 3 7 7]
 [6 4 2 1 2]]
Epoch   410: Training cost= 0.4182, Training acc= 0.5208, Validation cost= 4.5129, Validation acc= 0.1392
Epoch   420: Training cost= 0.3872, Training acc= 0.5306, Validation cost= 4.6099, Validation acc= 0.1392
Epoch   430: Training cost= 0.3477, Training acc= 0.5404, Validation cost= 4.7693, Validation acc= 0.1392
Epoch   440: Training cost= 0.2940, Training acc= 0.5501, Validation cost= 4.9613, Validation acc= 0.1393
Epoch   450: Training cost= 0.2814, Training acc= 0.5597, Validation cost= 5.1021, Validation acc= 0.1393
Epoch   460: Training cost= 0.2515, Training acc= 0.5689, Validation cost= 5.2774, Validation acc= 0.1393
Epoch   470: Training cost= 0.2257, Training acc= 0.5777, Validation cost= 5.4364, Validation acc= 0.1393
Epoch   480: Training cost= 0.2264, Training acc= 0.5863, Validation cost= 5.5577, Validation acc= 0.1393
Epoch   490: Training cost= 0.2052, Training acc= 0.5944, Validation cost= 5.6285, Validation acc= 0.1393
Epoch   500: Training cost= 0.1862, Training acc= 0.6024, Validation cost= 5.7488, Validation acc= 0.1393
tm  [ 0.7 -1.1  3.5 -0.6  2.3  0.9  0.8  1.   2.3 -2.1 -0.1  0.6  3.5 -0.8  2.9 -0.5  0.4  2.7  4.  -1.5  6.1  2.7  4.2 -0.5 -0.9  2.8 -2.   2.6  2.7  2.1 -0.4 -0.3 -0.2  3.7  0.3  0.1  4.4  0.9 -0.9  1.9  2.  -0.1  2.8 -0.9 -0.3  0.7  2.4  5.6 -0.  -0.2 -0.5  1.2 -0.8  5.5  4.8 -0.4 -1.5 -0.4  4.6  3.3 -0.9 -1.  -1.1  1.  -0.4  0.4  2.1 -1.2  1.3  1.8  0.7 -0.5 -0.1  0.9  0.8  0.7  0.3  2.3  3.7  4.  -0.2 -0.4 -0.9 -0.3  2.2 -0.8 -0.2 -0.1  1.7 -0.2 -0.7 -1.7  0.2 -0.3 -0.6 -0.7 -0.5 -0.1  5.6  4.7 -0.3  0.5  2.   0.9 -0.3  2.4 -1.8 -0.7  2.3 -0.9 -1.5  1.5 -0.6  1.8  1.9  1.3  0.  -0.1 -0.2 -1.3 -1.5 -0.8  4.2 -0.1 -0.7 -0.4  1.  -0.6  2.2 -1.2  3.5 -1.4 -0.7  3.5 -0.   6.7 -0.4  2.4 -0.9 -0.4  0.9  0.8  0.  -0.5 -0.3 -0.6 -0.4  0.2  1.9 -0.4 -0.3 -1.9 -0.6  1.2 -0.5  1.5  4.6  1.9 -0.5 -1.5  6.  -0.9  3.   0.   3.8 -0.2  1.9 -0.1  1.6 -1.5  3.7  2.1 -1.2 -2.1 -0.  -0.3 -0.9 -0.2  0.   5.3  1.2 -0.3  0.5 -0.6  0.3 -0.6  0.3 -1.   1.1  2.6 -0.4 -0.3 -0.4  0.2 -0.6 -0.5 -0.  -0.   1.3  5.9 -1.4  1.9  1.7  2.8  0.7 -0.2 -0.8  0.3 -0.6 -0.4  0.5 -1.2  4.4 -0.4 -0.2 -0.2  3.9 -0.7  3.   1.6  1.8 -0.4  3.3 -1.3  6.   0.1  0.4  5.6  1.6 -1.6  1.6  1.7 -0.6 -0.1  0.4 -1.1  1.7 -1.7  5.7 -0.1 -0.2  3.4 -0.2  3.8  4.7 -0.5 -0.4 -0.3  4.7 -1.2  0.5 -0.4 -0.4  1.5 -0.1 -0.3]
ty_50sample [[5 0 3 3 7]
 [9 1 4 6 8]
 [4 0 2 0 5]
 [3 1 9 9 6]
 [7 0 3 0 3]
 [3 2 9 9 3]
 [6 1 6 6 6]
 [3 4 4 3 6]
 [1 3 7 8 8]
 [8 6 6 5 2]]
tt_50sample [[5 0 3 3 7]
 [9 1 4 6 8]
 [4 0 2 5 5]
 [3 1 9 9 6]
 [7 0 3 0 3]
 [3 2 9 9 3]
 [6 1 6 6 6]
 [3 4 4 3 6]
 [1 3 7 8 8]
 [8 6 6 5 2]]
vm  [-0.7  1.5 -0.3  3.1  1.5  0.1  0.1 -0.3 -0.7  1.1  2.5 -0.1  0.6 -1.4 -0.7  0.7 -0.3  1.8  4.7 -0.4  0.1 -0.8 -0.7 -0.3 -0.5 -0.5 -1.7  6.8  3.6 -0.7 -1.2 -0.5  2.   1.8 -0.4 -1.2  4.8 -3.   5.2  0.7 -0.  -0.5 -1.4  2.4 -0.9 -0.2 -0.1  2.2 -0.9  2.6  1.2  2.4 -0.2  3.  -0.5 -1.2 -0.7 -0.4 -0.1  0.2  2.3 -0.2  1.1  3.1 -0.4  2.4  4.4 -0.8  4.2  1.9 -0.3 -0.5  2.9  2.1 -1.6  1.8 -0.7  4.7  2.  -1.  -0.8 -1.2  1.6  2.8 -0.2 -0.7 -0.1  0.3  3.   3.8 -0.2  0.1  0.8 -1.7 -0.1 -0.4 -1.5 -0.1  4.6  1.4 -0.9  1.9  3.   4.7  1.6  2.1 -1.8 -0.8  0.9 -0.6 -0.4 -0.8  0.8 -0.7  5.   4.6 -1.2  0.9  1.2 -0.7 -0.5  5.7  1.6  0.4 -0.3  5.5  4.  -0.7 -1.   0.  -0.5 -1.7  0.7  0.9  1.  -0.2  7.   4.  -1.2 -2.   2.4  4.   0.9 -1.7 -0.2 -0.2  2.1  0.9  3.3 -1.6  1.1  1.4 -1.5  4.1 -1.  -1.1  2.6  0.2 -0.4 -2.1  1.4 -0.3 -0.5  7.8  5.5 -0.8  0.3  2.4  2.5 -0.8  1.2  2.6  2.7 -1.4 -0.8  3.7 -0.2 -0.5 -0.6  0.  -0.7 -0.9  0.9  2.   5.7 -0.3 -1.   1.8  0.3  1.7  2.8 -1.1  0.5  0.6  1.9 -0.6 -0.7  3.2 -0.7 -0.8 -0.8  0.7  1.2 -0.2 -1.2 -1.8 -0.4  6.5 -0.2 -0.9 -0.2 -1.8  1.1  4.  -1.2  2.3  2.6 -1.3 -0.8 -1.3  2.2 -0.9  1.8 -1.4  1.6 -0.5 -1.   3.5  0.3 -0.9 -0.7  3.4  6.2 -0.3  2.6 -1.4  0.8  0.4  1.9 -0.6  1.8 -0.7 -0.5  1.7  0.9 -0.8  2.9 -1.2  1.2 -1.3  1.2  1.5 -0.5 -0.4 -1.2  0.2]
vy_50sample [[5 4 5 4 4]
 [3 0 0 8 8]
 [4 4 3 8 4]
 [8 8 8 8 8]
 [8 8 8 8 8]
 [1 1 1 1 1]
 [9 9 3 9 3]
 [4 4 5 4 4]
 [4 4 2 5 5]
 [1 1 1 1 1]]
vt_50sample [[1 1 3 9 2]
 [4 7 3 2 2]
 [7 1 6 4 6]
 [4 7 9 3 4]
 [5 7 0 7 4]
 [9 0 6 0 4]
 [9 6 2 6 9]
 [6 4 2 6 3]
 [4 4 3 7 7]
 [6 4 2 1 2]]
Epoch   510: Training cost= 0.1761, Training acc= 0.6100, Validation cost= 5.7136, Validation acc= 0.1393
Epoch   520: Training cost= 0.1538, Training acc= 0.6173, Validation cost= 5.8247, Validation acc= 0.1393
Epoch   530: Training cost= 0.1458, Training acc= 0.6245, Validation cost= 5.9105, Validation acc= 0.1394
Epoch   540: Training cost= 0.1306, Training acc= 0.6314, Validation cost= 6.0048, Validation acc= 0.1394
Epoch   550: Training cost= 0.1195, Training acc= 0.6380, Validation cost= 6.1439, Validation acc= 0.1394
Epoch   560: Training cost= 0.1137, Training acc= 0.6445, Validation cost= 6.2246, Validation acc= 0.1394
Epoch   570: Training cost= 0.0983, Training acc= 0.6507, Validation cost= 6.3311, Validation acc= 0.1395
Epoch   580: Training cost= 0.0875, Training acc= 0.6567, Validation cost= 6.4044, Validation acc= 0.1395
Epoch   590: Training cost= 0.0879, Training acc= 0.6625, Validation cost= 6.4826, Validation acc= 0.1395
Epoch   600: Training cost= 0.0740, Training acc= 0.6681, Validation cost= 6.5946, Validation acc= 0.1395
tm  [ 0.4 -1.2  3.6 -0.7  2.3  0.9  1.2  0.9  2.6 -2.5 -0.1  1.1  4.6 -0.9  3.7 -0.6 -0.1  2.7  4.8 -1.9  6.8  2.7  4.6 -0.5 -0.8  3.6 -2.1  2.8  2.2  2.3 -0.4 -0.1 -0.3  5.   0.4  0.5  5.1  1.1 -1.1  2.3  2.8 -0.2  3.8 -1.2 -0.2  1.1  2.5  7.  -0.1 -0.3 -0.5  2.2 -1.   6.4  5.9 -0.6 -1.9 -0.6  4.7  3.4 -1.  -1.  -1.1  0.8 -0.4  0.1  3.  -1.4  0.8  2.3  0.7 -0.5 -0.   1.   1.1  0.8  0.8  1.9  4.5  5.1 -0.1 -0.4 -1.  -0.2  2.4 -0.9 -0.3 -0.1  2.2 -0.2 -0.6 -1.9 -0.1 -0.3 -0.7 -0.9 -0.7 -0.1  5.8  4.8  0.   0.8  2.7  0.9 -0.3  3.1 -2.1 -0.6  3.1 -1.  -1.6  2.1 -0.6  2.   1.9  1.5  0.1 -0.1 -0.1 -1.5 -1.8 -1.   5.  -0.2 -0.7 -0.4  0.7 -0.8  2.5 -1.2  4.5 -1.4 -0.8  4.2 -0.1  7.4 -0.5  1.9 -1.1 -0.6  1.3  1.1  0.  -0.3 -0.5 -0.6 -0.6 -0.1  2.5 -0.5 -0.3 -2.1 -0.5  1.5 -0.5  2.5  4.6  2.1 -0.7 -1.9  7.2 -0.9  3.9  0.1  5.  -0.1  2.3 -0.1  1.8 -1.6  4.2  2.3 -1.4 -2.5 -0.  -0.3 -1.  -0.2  0.2  6.2  2.  -0.4  0.5 -0.7 -0.  -0.8 -0.1 -1.4  1.5  2.9 -0.5 -0.3 -0.6  0.6 -0.5 -0.7  0.4 -0.1  1.4  6.8 -1.3  2.6  1.7  3.8  1.3 -0.4 -0.9  0.1 -0.9 -0.6  1.  -1.3  4.7 -0.6 -0.1 -0.2  4.7 -0.9  3.8  2.3  2.  -0.4  2.7 -1.6  6.8  0.1  0.1  5.4  2.3 -1.9  1.6  2.1 -0.6 -0.1  0.2 -1.3  1.7 -1.9  6.8 -0.3 -0.3  3.9 -0.4  5.4  5.9 -0.5 -0.4 -0.   5.2 -1.3  1.5 -0.7 -0.5  0.9  0.6 -0.4]
ty_50sample [[5 0 3 3 7]
 [9 1 4 6 8]
 [4 0 2 5 5]
 [3 1 9 9 6]
 [7 0 3 0 3]
 [3 2 9 9 3]
 [6 1 6 6 6]
 [3 4 4 3 6]
 [1 3 7 8 8]
 [8 6 6 5 2]]
tt_50sample [[5 0 3 3 7]
 [9 1 4 6 8]
 [4 0 2 5 5]
 [3 1 9 9 6]
 [7 0 3 0 3]
 [3 2 9 9 3]
 [6 1 6 6 6]
 [3 4 4 3 6]
 [1 3 7 8 8]
 [8 6 6 5 2]]
vm  [-0.7  1.7 -0.1  3.2  0.7  0.3 -0.1 -0.1 -0.8  1.6  3.3 -0.1  0.9 -1.4 -0.9 -0.1 -0.5  3.1  5.4 -0.9  1.  -1.  -0.8 -0.2 -0.4 -0.5 -1.9  9.1  4.7 -0.8 -1.4 -0.4  2.3  2.5 -0.5 -1.5  6.  -3.6  6.6  1.1 -0.2 -0.7 -1.4  3.4 -1.2 -0.4  0.   4.  -1.1  2.7  1.5  3.4 -0.2  3.4 -0.6 -1.3 -0.8 -0.5 -0.1  1.2  2.6 -0.3  1.5  3.8 -0.5  2.4  5.8 -1.   5.   2.1 -0.3 -0.5  2.   3.  -1.7  2.8 -0.9  5.4  2.5 -1.1 -0.9 -1.2  1.4  3.9 -0.1 -0.9 -0.1  1.2  4.4  4.  -0.1 -0.2  1.  -2.1 -0.2 -0.5 -1.9  0.5  5.5  1.7 -0.8  2.3  3.1  4.4  1.9  3.2 -2.1 -0.7  2.2 -1.  -0.9 -1.   1.4 -0.7  6.   5.2 -1.5  1.3  1.2 -1.  -0.6  5.8  2.5  0.5 -0.7  6.4  4.9 -0.6 -1.   0.5 -0.3 -2.1  0.1  1.8  0.6 -0.1  8.7  5.4 -1.5 -2.5  3.   5.5  0.3 -2.  -0.5 -0.1  1.7  1.3  3.6 -1.9  1.1  1.8 -1.9  5.2 -1.1 -1.3  4.   0.8 -0.5 -2.5  1.8 -0.4 -0.7 10.2  6.7 -1.   0.6  3.2  2.7 -1.3  2.1  3.   3.2 -1.5 -1.   4.2 -0.4 -0.6 -0.4  0.3 -0.7 -1.2  1.1  2.5  6.9 -0.5 -1.2  1.3  0.1  1.9  3.6 -1.4  0.8  0.6  2.1 -0.7 -0.8  4.2 -0.8 -0.7 -1.1 -0.   1.3 -0.1 -1.4 -2.5 -0.7  6.8 -0.3 -1.4 -0.3 -2.2  1.8  4.3 -1.5  2.7  2.9 -1.4 -0.9 -1.5  3.1 -0.9  1.6 -1.7  2.2 -0.7 -1.1  3.7  0.2 -1.  -0.7  4.4  7.2 -0.4  2.7 -1.8  1.4  0.2  2.8 -0.8  2.2 -0.8 -0.7  2.9  1.1 -1.   4.3 -1.4  1.6 -1.4  1.   2.4 -0.7 -0.4 -1.3  0.2]
vy_50sample [[5 4 5 4 4]
 [3 0 0 0 0]
 [4 4 3 4 4]
 [8 8 8 8 8]
 [6 8 8 8 8]
 [1 1 1 1 1]
 [9 9 3 9 3]
 [4 4 7 4 4]
 [4 4 2 2 5]
 [1 1 1 1 1]]
vt_50sample [[1 1 3 9 2]
 [4 7 3 2 2]
 [7 1 6 4 6]
 [4 7 9 3 4]
 [5 7 0 7 4]
 [9 0 6 0 4]
 [9 6 2 6 9]
 [6 4 2 6 3]
 [4 4 3 7 7]
 [6 4 2 1 2]]
Epoch   610: Training cost= 0.0631, Training acc= 0.6735, Validation cost= 6.6785, Validation acc= 0.1395
Epoch   620: Training cost= 0.0626, Training acc= 0.6788, Validation cost= 6.7744, Validation acc= 0.1395
Epoch   630: Training cost= 0.0576, Training acc= 0.6839, Validation cost= 6.8897, Validation acc= 0.1395
Epoch   640: Training cost= 0.0548, Training acc= 0.6888, Validation cost= 6.9535, Validation acc= 0.1395
Epoch   650: Training cost= 0.0529, Training acc= 0.6936, Validation cost= 7.0052, Validation acc= 0.1395
Epoch   660: Training cost= 0.0508, Training acc= 0.6983, Validation cost= 7.0690, Validation acc= 0.1395
Epoch   670: Training cost= 0.0421, Training acc= 0.7028, Validation cost= 7.1625, Validation acc= 0.1395
Epoch   680: Training cost= 0.0402, Training acc= 0.7071, Validation cost= 7.2336, Validation acc= 0.1395
Epoch   690: Training cost= 0.0398, Training acc= 0.7114, Validation cost= 7.2923, Validation acc= 0.1395
Epoch   700: Training cost= 0.0357, Training acc= 0.7155, Validation cost= 7.3331, Validation acc= 0.1395
tm  [-0.  -1.2  4.  -0.7  2.   1.2  1.2  1.1  3.2 -2.8 -0.2  1.2  4.9 -1.   4.  -0.7  0.1  2.6  5.5 -2.2  8.2  2.6  5.  -0.6 -0.9  3.7 -2.3  3.1  2.1  2.4 -0.3  0.4 -0.3  5.7  0.5  0.2  5.1  1.1 -1.2  2.7  3.  -0.3  3.9 -1.4 -0.3  0.7  2.7  7.5 -0.2 -0.4 -0.5  2.8 -1.1  6.9  6.6 -0.6 -2.  -0.6  5.1  3.5 -1.3 -1.2 -1.2  0.9 -0.4  0.3  3.5 -1.6  1.   2.8  0.2 -0.5  0.3  1.   1.2  1.1  1.   1.9  5.3  5.8 -0.2 -0.3 -1.  -0.3  3.  -0.8 -0.3 -0.1  3.2 -0.3 -0.6 -2.  -0.  -0.3 -0.6 -0.9 -0.9  0.1  6.5  5.  -0.1  1.4  3.5  0.7 -0.2  4.  -2.2 -0.6  3.3 -1.3 -1.8  2.8 -0.6  1.8  1.9  2.4  0.2 -0.  -0.2 -1.6 -2.1 -1.1  5.3 -0.4 -0.7 -0.6 -0.  -0.9  2.5 -1.3  5.2 -1.6 -0.8  4.8 -0.1  8.4 -0.4  2.4 -1.1 -0.8  1.7  0.8 -0.1 -0.4 -0.4 -0.7 -0.4 -0.2  3.4 -0.5 -0.3 -2.3 -0.5  1.6 -0.7  3.4  4.9  2.4 -0.6 -2.2  7.9 -0.8  3.6 -0.   5.7 -0.1  3.  -0.2  2.3 -1.8  4.3  2.4 -1.6 -2.8  0.3 -0.4 -0.9 -0.2  0.3  6.5  1.9 -0.5  0.2 -0.8 -0.  -0.9 -0.2 -1.7  2.4  3.2 -0.7 -0.5 -0.7  0.9 -0.5 -0.7  0.2  0.   1.4  6.8 -1.4  3.2  2.3  4.3  1.8 -0.5 -1.1  0.4 -1.1 -0.8  1.3 -1.3  5.3 -0.6 -0.3 -0.3  5.6 -1.2  4.   2.5  1.8 -0.5  3.3 -1.8  7.5 -0.1 -0.1  5.7  2.5 -2.2  1.   2.7 -0.7 -0.2  0.1 -1.5  2.  -2.1  7.4 -0.5 -0.3  4.1 -0.3  6.1  6.4 -0.5 -0.4  0.1  5.9 -1.6  1.9 -0.9 -0.6  1.1  1.4 -0.4]
ty_50sample [[5 0 3 3 7]
 [9 1 4 6 8]
 [4 0 2 5 5]
 [3 1 9 9 6]
 [7 0 3 0 3]
 [3 2 9 9 3]
 [6 1 6 6 6]
 [3 4 4 3 6]
 [1 3 7 8 8]
 [8 6 6 5 2]]
tt_50sample [[5 0 3 3 7]
 [9 1 4 6 8]
 [4 0 2 5 5]
 [3 1 9 9 6]
 [7 0 3 0 3]
 [3 2 9 9 3]
 [6 1 6 6 6]
 [3 4 4 3 6]
 [1 3 7 8 8]
 [8 6 6 5 2]]
vm  [-0.7  1.8  0.   3.   0.6  0.2 -0.1 -0.  -0.9  1.3  3.5 -0.1  0.4 -1.5 -1.  -0.1 -0.6  3.7  5.7 -1.1  1.4 -1.  -0.7 -0.3 -0.4 -0.5 -2.1 10.   4.5 -0.9 -1.4 -0.5  2.1  2.7 -0.5 -1.5  6.  -3.8  7.3  1.4 -0.2 -0.9 -1.4  3.8 -1.2 -0.5 -0.2  4.4 -1.2  2.7  2.   3.9 -0.2  3.8 -0.6 -1.3 -1.  -0.5 -0.2  1.5  2.9 -0.4  1.6  3.7 -0.4  2.4  6.4 -1.1  5.6  1.9 -0.3 -0.5  2.1  2.9 -1.7  2.6 -0.8  5.8  3.  -1.2 -1.  -1.4  1.4  3.5 -0.1 -0.8 -0.2  0.8  5.2  4.2 -0.1 -0.3  1.3 -2.2 -0.2 -0.5 -1.9  0.6  5.5  1.4 -0.8  2.7  3.6  4.8  1.7  4.2 -2.3 -0.7  2.5 -1.2 -1.  -1.   1.5 -0.8  6.6  5.4 -1.5  1.5  1.7 -1.1 -0.7  5.8  2.4  0.5 -0.8  7.   5.5 -0.6 -0.9  1.  -0.3 -2.1  0.1  2.4  0.5 -0.1  9.6  5.9 -1.6 -2.8  3.5  5.6  0.6 -2.1 -0.5 -0.1  1.5  2.1  3.9 -2.1  0.9  1.4 -1.9  5.7 -1.2 -1.3  4.4  1.6 -0.5 -2.8  2.5 -0.5 -0.7 11.1  7.  -1.1  0.6  3.6  3.3 -1.3  2.4  3.5  3.6 -1.6 -1.1  4.8 -0.4 -0.7 -0.5  0.6 -0.5 -1.3  0.9  2.8  7.6 -0.6 -1.3  1.5 -0.1  1.8  4.2 -1.6  0.   0.3  2.4 -0.6 -1.   4.6 -0.8 -0.8 -1.2  0.2  1.1  0.3 -1.6 -2.8 -0.8  7.  -0.5 -1.5 -0.4 -2.3  2.5  4.9 -1.6  2.5  3.6 -1.5 -0.9 -1.6  3.9 -1.   1.7 -1.9  2.5 -0.8 -1.1  4.   0.1 -1.  -0.8  4.4  7.7 -0.4  3.5 -2.   2.   0.1  3.3 -0.9  2.7 -0.9 -0.7  3.4  2.  -1.1  4.7 -1.6  2.  -1.5  1.3  2.4 -1.1 -0.4 -1.2  0.4]
vy_50sample [[5 4 5 4 2]
 [3 0 0 0 0]
 [4 4 3 8 2]
 [8 8 8 8 8]
 [8 8 8 8 8]
 [1 1 1 1 1]
 [3 9 3 9 3]
 [4 4 7 4 4]
 [4 4 2 2 2]
 [1 1 1 1 1]]
vt_50sample [[1 1 3 9 2]
 [4 7 3 2 2]
 [7 1 6 4 6]
 [4 7 9 3 4]
 [5 7 0 7 4]
 [9 0 6 0 4]
 [9 6 2 6 9]
 [6 4 2 6 3]
 [4 4 3 7 7]
 [6 4 2 1 2]]
Epoch   710: Training cost= 0.0339, Training acc= 0.7195, Validation cost= 7.3715, Validation acc= 0.1395
Epoch   720: Training cost= 0.0326, Training acc= 0.7234, Validation cost= 7.4596, Validation acc= 0.1395
Epoch   730: Training cost= 0.0293, Training acc= 0.7272, Validation cost= 7.5002, Validation acc= 0.1395
Epoch   740: Training cost= 0.0278, Training acc= 0.7309, Validation cost= 7.5448, Validation acc= 0.1395
Epoch   750: Training cost= 0.0279, Training acc= 0.7345, Validation cost= 7.6093, Validation acc= 0.1395
Epoch   760: Training cost= 0.0288, Training acc= 0.7380, Validation cost= 7.6244, Validation acc= 0.1395
Epoch   770: Training cost= 0.0252, Training acc= 0.7414, Validation cost= 7.6641, Validation acc= 0.1394
Epoch   780: Training cost= 0.0255, Training acc= 0.7447, Validation cost= 7.7187, Validation acc= 0.1394
Epoch   790: Training cost= 0.0222, Training acc= 0.7479, Validation cost= 7.7845, Validation acc= 0.1394
Epoch   800: Training cost= 0.0206, Training acc= 0.7511, Validation cost= 7.8292, Validation acc= 0.1394
tm  [-0.2 -1.3  4.4 -0.7  1.4  1.6  1.3  0.8  3.3 -2.9 -0.2  1.9  5.7 -1.1  4.2 -0.9  0.   2.3  6.2 -2.5  9.5  2.9  5.3 -0.6 -1.   3.9 -2.4  3.2  2.7  2.2 -0.4  1.1 -0.4  6.4  0.3  0.1  5.9  0.7 -1.5  3.   3.4 -0.1  4.4 -1.5 -0.4  0.6  3.1  8.4 -0.3 -0.5 -0.4  3.1 -1.2  7.3  7.2 -0.6 -2.1 -0.7  5.6  3.8 -1.4 -1.4 -1.2  1.  -0.1  0.1  3.7 -1.7  1.6  3.1  0.5 -0.4  0.2  1.4  0.9  1.1  1.4  2.2  5.7  6.4 -0.3 -0.1 -1.1 -0.3  3.1 -0.8 -0.2 -0.   4.1 -0.3 -0.5 -2.  -0.1 -0.4 -0.7 -1.  -1.   0.4  7.3  5.5  0.2  1.9  3.7  0.5 -0.   4.8 -2.5 -0.4  3.8 -1.4 -1.9  3.1 -0.6  2.4  2.   2.4  0.3  0.  -0.2 -1.7 -2.3 -1.2  5.8 -0.4 -1.  -0.6 -0.1 -0.9  2.1 -1.2  6.1 -1.7 -0.9  5.4 -0.1  9.1 -0.5  2.6 -1.  -0.8  1.7  1.3 -0.1 -0.3 -0.4 -0.7 -0.5 -0.1  4.1 -0.3 -0.2 -2.4 -0.5  1.7 -0.8  3.6  6.   2.7 -0.8 -2.6  9.1 -0.7  4.   0.8  6.3 -0.   2.9 -0.4  2.  -2.1  4.8  3.2 -1.7 -3.   0.7 -0.5 -1.1 -0.   1.2  7.   1.5 -0.5  0.4 -1.  -0.2 -1.1 -0.5 -1.9  2.9  3.8 -0.8 -0.7 -0.8  1.2 -0.6 -0.8 -0.1 -0.1  1.2  7.9 -1.4  3.5  2.9  5.   2.4 -0.8 -1.4  0.1 -1.2 -1.1  1.6 -1.4  5.9 -0.6 -0.3 -0.4  5.9 -1.3  4.   3.   2.2 -0.4  3.1 -2.2  8.3 -0.2 -0.   6.3  2.2 -2.4  0.9  3.2 -0.7 -0.3 -0.  -1.7  2.3 -2.3  8.3 -0.5 -0.4  4.3 -0.2  7.2  7.2 -0.6 -0.5  0.5  6.5 -1.7  1.9 -1.  -0.5  1.1  2.7 -0.6]
ty_50sample [[5 0 3 3 7]
 [9 1 4 6 8]
 [4 0 2 5 5]
 [3 1 9 9 6]
 [7 0 3 0 3]
 [3 2 9 9 3]
 [6 1 6 6 6]
 [3 4 4 3 6]
 [1 3 7 8 8]
 [8 6 6 5 2]]
tt_50sample [[5 0 3 3 7]
 [9 1 4 6 8]
 [4 0 2 5 5]
 [3 1 9 9 6]
 [7 0 3 0 3]
 [3 2 9 9 3]
 [6 1 6 6 6]
 [3 4 4 3 6]
 [1 3 7 8 8]
 [8 6 6 5 2]]
vm  [-0.8  1.6  0.6  3.2  0.2  0.2 -0.1  0.2 -0.9  1.5  4.  -0.   0.1 -1.5 -1.1 -0.2 -0.9  4.4  6.2 -1.4  1.6 -1.2 -0.6 -0.4 -0.4 -0.7 -2.2 11.1  4.5 -0.7 -1.3 -0.3  2.3  3.  -0.6 -1.8  6.4 -4.3  7.6  1.3 -0.2 -0.9 -1.2  4.4 -1.4 -0.6 -0.1  5.3 -1.2  2.6  2.2  4.4 -0.2  3.9 -0.6 -1.4 -0.9 -0.6 -0.1  1.9  3.5 -0.5  1.7  4.1 -0.4  3.1  6.9 -1.3  5.8  2.4 -0.2 -0.6  2.   3.7 -1.7  2.7 -0.8  6.1  3.4 -1.2 -1.  -1.5  0.6  3.6 -0.1 -0.8 -0.3  0.8  5.6  4.7 -0.  -0.5  1.6 -2.2 -0.1 -0.5 -2.1  1.1  5.7  1.2 -0.8  3.1  4.1  4.7  1.7  5.2 -2.5 -0.8  2.8 -1.4 -1.2 -1.1  1.6 -0.9  6.8  5.7 -1.5  1.3  1.5 -1.2 -0.8  5.8  2.8  0.8 -0.9  7.5  5.5 -0.7 -1.   1.7 -0.4 -2.2  0.   3.1  0.1 -0.1 10.5  6.2 -1.8 -3.1  4.1  6.2  0.7 -2.1 -0.6  0.   1.3  2.4  4.7 -2.3  0.7  1.1 -2.1  5.7 -1.3 -1.4  5.2  2.2 -0.6 -3.1  2.9 -0.6 -0.9 12.8  8.  -1.1  1.4  4.2  3.3 -1.4  2.4  4.   4.1 -1.7 -1.2  4.9 -0.3 -0.8 -0.2  0.2 -0.4 -1.4  1.5  3.   8.4 -0.6 -1.5  1.2 -0.1  2.1  4.6 -1.7 -0.1  0.7  2.6 -0.7 -1.1  4.8 -0.9 -0.8 -1.2 -0.1  1.4  0.5 -1.6 -3.4 -1.   7.6 -0.6 -1.6 -0.4 -2.3  3.   5.4 -1.8  2.8  3.9 -1.6 -1.1 -1.7  4.4 -0.9  1.2 -2.   2.7 -1.  -1.1  3.6 -0.1 -1.1 -0.8  4.8  8.3 -0.5  3.8 -2.2  2.4 -0.   4.  -0.9  3.3 -0.9 -0.9  4.1  2.5 -1.3  5.5 -1.7  2.1 -1.6  1.   2.9 -1.2 -0.5 -1.1  0. ]
vy_50sample [[5 4 5 4 2]
 [3 0 0 0 0]
 [4 4 3 8 4]
 [8 8 8 8 8]
 [8 8 8 8 8]
 [1 1 1 1 1]
 [3 9 3 9 3]
 [4 4 7 4 4]
 [4 4 2 2 2]
 [1 1 1 1 1]]
vt_50sample [[1 1 3 9 2]
 [4 7 3 2 2]
 [7 1 6 4 6]
 [4 7 9 3 4]
 [5 7 0 7 4]
 [9 0 6 0 4]
 [9 6 2 6 9]
 [6 4 2 6 3]
 [4 4 3 7 7]
 [6 4 2 1 2]]
Epoch   810: Training cost= 0.0204, Training acc= 0.7541, Validation cost= 7.8841, Validation acc= 0.1394
Epoch   820: Training cost= 0.0183, Training acc= 0.7571, Validation cost= 7.9584, Validation acc= 0.1394
Epoch   830: Training cost= 0.0167, Training acc= 0.7601, Validation cost= 7.9780, Validation acc= 0.1393
Epoch   840: Training cost= 0.0158, Training acc= 0.7629, Validation cost= 8.0004, Validation acc= 0.1393
Epoch   850: Training cost= 0.0143, Training acc= 0.7657, Validation cost= 8.0953, Validation acc= 0.1393
Epoch   860: Training cost= 0.0138, Training acc= 0.7684, Validation cost= 8.1608, Validation acc= 0.1393
Epoch   870: Training cost= 0.0132, Training acc= 0.7711, Validation cost= 8.1821, Validation acc= 0.1392
Epoch   880: Training cost= 0.0121, Training acc= 0.7737, Validation cost= 8.2293, Validation acc= 0.1392
Epoch   890: Training cost= 0.0119, Training acc= 0.7762, Validation cost= 8.2737, Validation acc= 0.1392
Epoch   900: Training cost= 0.0117, Training acc= 0.7787, Validation cost= 8.3010, Validation acc= 0.1391
tm  [-0.3 -1.3  4.6 -0.6  1.4  1.9  1.2  1.2  3.7 -3.1 -0.1  2.   6.  -1.2  4.8 -1.   0.3  2.3  6.6 -2.6 10.4  2.8  5.6 -0.6 -1.   4.  -2.5  3.7  2.7  2.5 -0.4  1.2 -0.3  7.1  0.4 -0.   6.2  0.8 -1.6  3.   3.5 -0.1  4.5 -1.6 -0.4  0.4  3.4  9.  -0.2 -0.5 -0.3  3.2 -1.2  7.6  8.  -0.6 -2.2 -0.7  5.9  3.9 -1.6 -1.5 -1.3  0.8 -0.2  0.5  3.9 -1.9  2.   3.7  0.5 -0.4  0.2  1.6  1.1  1.3  1.5  2.5  6.2  6.6 -0.2 -0.2 -1.1 -0.2  3.7 -0.9 -0.2 -0.   4.4 -0.3 -0.4 -2.2 -0.1 -0.5 -0.6 -1.1 -1.   0.4  7.7  5.8  0.2  1.8  4.1 -0.1 -0.   5.6 -2.6 -0.4  3.8 -1.6 -2.1  3.4 -0.7  2.7  2.   2.7  0.2  0.1 -0.2 -1.9 -2.5 -1.3  6.2 -0.4 -0.9 -0.6 -0.2 -0.9  2.3 -1.2  6.3 -1.8 -1.   5.9 -0.   9.9 -0.6  2.9 -1.  -0.8  2.1  1.6 -0.1 -0.4 -0.4 -0.9 -0.6 -0.2  4.5 -0.3 -0.2 -2.4 -0.6  2.2 -1.   4.   6.4  2.8 -0.7 -2.9  9.5 -0.7  3.9  0.9  6.9  0.1  3.1 -0.4  2.2 -2.2  4.8  3.3 -1.8 -3.3  0.7 -0.5 -1.  -0.   1.4  7.5  1.3 -0.4  0.6 -1.1 -0.2 -1.1 -0.5 -2.1  3.4  3.9 -0.8 -0.8 -0.8  1.7 -0.6 -0.9 -0.1 -0.   1.1  8.4 -1.5  4.   3.6  5.3  3.  -0.9 -1.3  0.5 -1.3 -1.1  1.6 -1.4  6.6 -0.6 -0.3 -0.3  6.3 -1.5  4.1  3.4  2.5 -0.4  3.6 -2.3  8.8 -0.2 -0.1  6.7  2.4 -2.5  0.9  3.1 -0.7 -0.4 -0.  -1.9  2.4 -2.5  8.8 -0.6 -0.5  4.9 -0.2  7.7  7.5 -0.6 -0.5  0.7  7.2 -1.9  2.2 -1.2 -0.4  1.7  2.8 -0.6]
ty_50sample [[5 0 3 3 7]
 [9 1 4 6 8]
 [4 0 2 5 5]
 [3 1 9 9 6]
 [7 0 3 0 3]
 [3 2 9 9 3]
 [6 1 6 6 6]
 [3 4 4 3 6]
 [1 3 7 8 8]
 [8 6 6 5 2]]
tt_50sample [[5 0 3 3 7]
 [9 1 4 6 8]
 [4 0 2 5 5]
 [3 1 9 9 6]
 [7 0 3 0 3]
 [3 2 9 9 3]
 [6 1 6 6 6]
 [3 4 4 3 6]
 [1 3 7 8 8]
 [8 6 6 5 2]]
vm  [-0.8  1.9  0.5  3.   0.5  0.3 -0.1 -0.1 -1.   1.5  4.3  0.1 -0.1 -1.7 -1.1 -0.2 -0.9  4.6  5.8 -1.5  1.6 -1.2 -0.6 -0.3 -0.4 -0.8 -2.5 11.1  4.9 -0.7 -1.2 -0.4  2.5  3.1 -0.5 -1.7  6.4 -4.4  8.   1.  -0.3 -0.8 -1.2  3.8 -1.6 -0.6 -0.1  5.4 -1.1  2.5  2.7  5.   0.1  4.1 -0.8 -1.4 -0.9 -0.6 -0.2  1.9  3.5 -0.5  1.9  4.4 -0.4  3.2  6.8 -1.4  6.4  2.4 -0.2 -0.5  3.   3.7 -1.8  3.2 -0.7  6.3  3.3 -1.3 -1.1 -1.6  0.7  3.4 -0.2 -0.7 -0.3  0.5  6.1  4.7 -0.1 -0.4  2.3 -2.3 -0.  -0.5 -2.2  0.5  6.   1.3 -1.1  3.3  4.4  5.1  1.5  5.7 -2.5 -0.7  2.8 -1.5 -1.2 -1.   2.  -0.9  6.7  5.8 -1.6  1.3  1.4 -1.1 -0.7  5.9  2.6  0.5 -0.9  7.9  5.8 -0.9 -1.1  2.1 -0.3 -2.2  0.3  3.   0.1 -0.2 10.8  6.7 -1.6 -3.2  4.5  6.3  0.8 -2.2 -0.5 -0.   1.2  3.1  5.  -2.3  1.   1.4 -2.1  6.2 -1.4 -1.3  5.5  2.6 -0.7 -3.2  3.5 -0.6 -0.9 13.5  8.2 -1.1  1.2  4.5  3.3 -1.4  2.6  4.8  4.6 -1.9 -1.2  5.2 -0.2 -0.9 -0.3  0.6 -0.4 -1.4  1.5  3.5  9.1 -0.8 -1.5  1.6 -0.2  2.8  5.4 -1.6 -0.1  0.8  3.3 -0.6 -1.2  4.8 -0.9 -1.  -1.3  0.1  1.8  1.1 -1.6 -3.6 -1.2  7.9 -0.7 -1.6 -0.5 -2.3  3.4  5.6 -2.   2.9  4.9 -1.6 -1.  -1.6  5.  -1.   1.3 -2.2  3.3 -0.9 -1.2  3.7 -0.1 -1.1 -0.9  5.   9.  -0.5  4.2 -2.2  2.7  0.3  4.  -0.9  3.5 -0.9 -0.8  4.1  2.8 -1.3  5.2 -1.8  2.3 -1.7  1.6  3.1 -1.2 -0.5 -1.2  0.2]
vy_50sample [[2 4 5 2 2]
 [3 0 0 0 0]
 [4 4 3 8 4]
 [8 8 8 8 8]
 [8 8 8 8 8]
 [1 1 1 1 1]
 [3 9 3 9 3]
 [4 4 7 4 4]
 [4 4 2 2 2]
 [1 1 1 1 1]]
vt_50sample [[1 1 3 9 2]
 [4 7 3 2 2]
 [7 1 6 4 6]
 [4 7 9 3 4]
 [5 7 0 7 4]
 [9 0 6 0 4]
 [9 6 2 6 9]
 [6 4 2 6 3]
 [4 4 3 7 7]
 [6 4 2 1 2]]
Epoch   910: Training cost= 0.0109, Training acc= 0.7812, Validation cost= 8.3630, Validation acc= 0.1391
Epoch   920: Training cost= 0.0103, Training acc= 0.7835, Validation cost= 8.3968, Validation acc= 0.1391
Epoch   930: Training cost= 0.0103, Training acc= 0.7859, Validation cost= 8.4388, Validation acc= 0.1391
Epoch   940: Training cost= 0.0105, Training acc= 0.7881, Validation cost= 8.4811, Validation acc= 0.1390
Epoch   950: Training cost= 0.0101, Training acc= 0.7904, Validation cost= 8.4926, Validation acc= 0.1390
Epoch   960: Training cost= 0.0093, Training acc= 0.7926, Validation cost= 8.5293, Validation acc= 0.1390
Epoch   970: Training cost= 0.0091, Training acc= 0.7947, Validation cost= 8.5663, Validation acc= 0.1389
Epoch   980: Training cost= 0.0094, Training acc= 0.7968, Validation cost= 8.5702, Validation acc= 0.1389
Epoch   990: Training cost= 0.0092, Training acc= 0.7988, Validation cost= 8.5993, Validation acc= 0.1389
Epoch  1000: Training cost= 0.0083, Training acc= 0.8008, Validation cost= 8.6327, Validation acc= 0.1389
tm  [-0.3 -1.3  5.  -0.7  1.4  1.9  1.1  1.4  3.7 -3.3 -0.1  2.   6.2 -1.3  5.1 -1.   0.4  2.6  7.  -2.7 11.   3.   5.6 -0.5 -1.   4.4 -2.5  4.2  2.6  2.8 -0.4  1.5 -0.3  7.4  0.5 -0.1  6.5  0.6 -1.6  2.9  3.6 -0.   4.8 -1.7 -0.4  0.3  3.8  9.3 -0.1 -0.6 -0.3  3.2 -1.2  7.8  8.5 -0.6 -2.3 -0.6  5.8  4.2 -1.7 -1.6 -1.4  0.6 -0.2  0.8  4.1 -1.9  2.1  3.8  0.3 -0.5  0.3  1.7  1.4  1.4  1.6  2.7  6.4  7.  -0.1 -0.2 -1.2 -0.1  3.8 -0.8 -0.3  0.1  4.8 -0.3 -0.3 -2.2 -0.1 -0.5 -0.6 -1.  -1.1  0.6  8.2  5.9  0.4  1.9  4.6 -0.2 -0.   5.9 -2.8 -0.3  4.3 -1.7 -2.1  3.6 -0.7  3.1  2.1  2.8  0.1 -0.  -0.1 -1.8 -2.5 -1.4  6.7 -0.4 -1.  -0.6 -0.3 -1.   2.2 -1.3  6.7 -1.8 -1.1  6.2  0.1 10.1 -0.7  3.2 -1.  -0.9  2.4  1.8 -0.1 -0.3 -0.5 -0.9 -0.6 -0.3  4.9 -0.1 -0.1 -2.5 -0.7  2.4 -0.9  4.4  6.5  3.  -0.6 -3.1  9.9 -0.7  4.   1.   7.8  0.2  3.5 -0.5  2.3 -2.2  5.   3.2 -1.8 -3.3  0.9 -0.5 -1.   0.   1.8  7.9  0.9 -0.3  0.7 -1.2 -0.2 -1.2 -0.5 -2.2  3.7  4.2 -0.8 -0.9 -0.8  2.  -0.6 -1.  -0.1  0.2  0.9  9.  -1.5  4.1  3.8  5.6  3.4 -1.  -1.4  0.5 -1.3 -1.1  1.6 -1.5  6.7 -0.6 -0.3 -0.3  6.8 -1.6  4.2  3.9  2.5 -0.3  3.6 -2.4  9.2 -0.2 -0.1  7.   2.6 -2.6  0.9  3.2 -0.7 -0.4 -0.  -2.   2.5 -2.6  9.  -0.7 -0.6  5.3 -0.3  7.8  7.6 -0.6 -0.6  1.1  7.3 -2.   2.1 -1.2 -0.4  1.6  3.  -0.7]
ty_50sample [[5 0 3 3 7]
 [9 1 4 6 8]
 [4 0 2 5 5]
 [3 1 9 9 6]
 [7 0 3 0 3]
 [3 2 9 9 3]
 [6 1 6 6 6]
 [3 4 4 3 6]
 [1 3 7 8 8]
 [8 6 6 5 2]]
tt_50sample [[5 0 3 3 7]
 [9 1 4 6 8]
 [4 0 2 5 5]
 [3 1 9 9 6]
 [7 0 3 0 3]
 [3 2 9 9 3]
 [6 1 6 6 6]
 [3 4 4 3 6]
 [1 3 7 8 8]
 [8 6 6 5 2]]
vm  [-0.7  1.9  0.5  2.7  0.8 -0.  -0.2 -0.1 -1.1  1.2  4.2  0.1 -0.1 -1.8 -1.  -0.2 -1.1  5.   5.5 -1.6  1.6 -1.2 -0.5 -0.2 -0.3 -0.8 -2.7 11.4  4.7 -0.7 -1.2 -0.5  2.5  3.3 -0.5 -1.7  6.2 -4.5  8.2  1.  -0.2 -0.9 -1.1  4.1 -1.8 -0.6 -0.2  5.9 -1.   2.4  2.8  5.3  0.5  4.2 -0.8 -1.4 -0.8 -0.6 -0.2  2.1  3.6 -0.6  1.9  4.5 -0.4  3.   7.  -1.5  6.7  2.6 -0.2 -0.4  3.   3.6 -1.7  3.6 -0.6  6.1  3.3 -1.3 -1.1 -1.6  0.3  3.4 -0.2 -0.8 -0.3  0.4  6.2  4.7 -0.  -0.5  2.8 -2.4  0.1 -0.4 -2.3  0.3  6.1  1.5 -1.1  3.2  4.5  5.6  1.5  5.9 -2.6 -0.7  3.2 -1.5 -1.1 -1.1  1.6 -1.   6.5  6.  -1.6  1.5  1.7 -1.1 -0.7  5.5  2.4  0.7 -1.   8.3  6.4 -0.9 -1.   2.5 -0.3 -2.1  0.7  2.8 -0.  -0.1 11.1  6.6 -1.6 -3.3  4.6  6.2  1.3 -2.1 -0.5  0.1  0.8  3.5  4.6 -2.3  0.8  1.1 -2.   6.4 -1.3 -1.2  5.3  2.7 -0.7 -3.3  3.7 -0.7 -0.8 14.   8.1 -1.3  1.5  5.   3.3 -1.3  3.   5.4  4.8 -1.9 -1.1  5.4 -0.2 -0.8 -0.4  1.3 -0.4 -1.4  1.1  3.7  9.5 -0.7 -1.5  1.8 -0.3  3.   5.6 -1.6 -0.3  0.8  3.2 -0.5 -1.3  5.  -0.8 -1.1 -1.4  0.2  2.   1.6 -1.6 -3.9 -1.3  7.9 -0.8 -1.7 -0.6 -2.3  3.5  5.8 -2.   2.8  5.5 -1.6 -1.  -1.6  4.8 -0.9  1.4 -2.2  3.4 -0.9 -1.3  4.1 -0.  -1.  -0.9  4.7  9.3 -0.3  4.5 -2.3  3.1  0.7  4.  -1.   3.7 -1.1 -0.8  4.2  2.9 -1.2  4.9 -1.8  2.4 -1.7  1.9  3.3 -1.3 -0.6 -1.2  0.6]
vy_50sample [[2 4 5 2 2]
 [3 0 0 0 0]
 [4 4 3 8 4]
 [8 8 8 8 8]
 [8 8 8 8 8]
 [1 1 1 1 1]
 [3 9 3 9 3]
 [4 4 7 4 4]
 [4 4 2 2 2]
 [1 1 1 1 1]]
vt_50sample [[1 1 3 9 2]
 [4 7 3 2 2]
 [7 1 6 4 6]
 [4 7 9 3 4]
 [5 7 0 7 4]
 [9 0 6 0 4]
 [9 6 2 6 9]
 [6 4 2 6 3]
 [4 4 3 7 7]
 [6 4 2 1 2]]
