Epoch    10: Training cost= 1.0447, Training acc= 0.4195, Validation cost= 1.0230, Validation acc= 0.4539
Epoch    20: Training cost= 0.8755, Training acc= 0.5529, Validation cost= 0.8580, Validation acc= 0.5794
Epoch    30: Training cost= 0.6581, Training acc= 0.6474, Validation cost= 0.6329, Validation acc= 0.6656
Epoch    40: Training cost= 0.4683, Training acc= 0.7074, Validation cost= 0.4271, Validation acc= 0.7245
Epoch    50: Training cost= 0.3548, Training acc= 0.7432, Validation cost= 0.3680, Validation acc= 0.7575
Epoch    60: Training cost= 0.2396, Training acc= 0.7698, Validation cost= 0.2818, Validation acc= 0.7837
Epoch    70: Training cost= 0.2207, Training acc= 0.7909, Validation cost= 0.2112, Validation acc= 0.8044
Epoch    80: Training cost= 0.2034, Training acc= 0.8078, Validation cost= 0.2062, Validation acc= 0.8186
Epoch    90: Training cost= 0.2687, Training acc= 0.8196, Validation cost= 0.2105, Validation acc= 0.8300
Epoch   100: Training cost= 0.1745, Training acc= 0.8285, Validation cost= 0.1983, Validation acc= 0.8382
tm  [-0.   1.  -0.1  0.5  0.1  0.  -0.1 -0.   0.  -0.3 -0.1 -0.  -0.1 -0.2 -0.1  0.5 -0.  -0.1  0.   0.9 -0.2  0.5  0.4  0.9  0.   0.1  0.5 -0.1  0.2  0.  -0.2 -0.2  0.4  0.4 -0.1 -0.1  1.  -0.2  0.3  0.3 -0.1  0.5 -0.1  0.2  0.3 -0.  -0.2  0.1 -0.1  1.1  0.9 -0.1  0.1 -0.   0.3 -0.   0.   0.   0.3  0.1  0.4  0.1  0.6  0.3  0.5 -0.1  0.1  0.1  0.9  0.5  0.4  0.2  0.1  0.5  0.3 -0.1  0.   0.8 -0.  -0.  -0.1  0.6 -0.   0.2  0.5 -0.   0.6 -0.1 -0.   0.6  0.5  0.4 -0.1  0.4  0.4  0.4 -0.1 -0.1 -0.1  0.6 -0.2  0.4 -0.1  0.7 -0.   0.  -0.1  0.   0.1 -0.   0.7  0.3 -0.  -0.   0.  -0.1  0.  -0.1 -0.1 -0.   0.2 -0.   0.2  0.  -0.1  0.1 -0.1  0.2 -0.2 -0.1  0.3 -0.1  0.6  0.2  0.1  0.3  0.7  0.4 -0.1  0.7 -0.   0.1 -0.3  0.7  0.3  0.1  0.1 -0.2  0.9 -0.1  0.2  0.3  0.8 -0.1 -0.1  0.2  0.7 -0.1  0.5  0.1 -0.   0.2 -0.   0.4  0.1  0.5 -0.   0.   0.9  0.8  0.7  0.6 -0.1 -0.2  0.8  0.  -0.   0.3 -0.   0.2 -0.1  0.5  0.4 -0.2 -0.   0.1 -0.   0.6  0.2  0.4  0.1 -0.1  0.3 -0.  -0.2  0.6 -0.  -0.1 -0.1  0.3 -0.1 -0.  -0.1  0.2  0.3  0.1  0.6  1.1  0.4 -0.  -0.1 -0.  -0.1  0.1 -0.   0.1  0.3 -0.1 -0.1 -0.  -0.  -0.1  0.8  0.5  0.3  0.3  0.1  0.   0.5  0.1  0.4  0.2 -0.1 -0.   0.4 -0.1  0.5 -0.1 -0.1  0.5 -0.1  0.2  0.1 -0.1  0.4  0.5  0.1  0.4  0.2 -0.1  0.5  0.3  0.6  0.2 -0.   0.3]
ty_50sample [[1 2 0]
 [1 1 0]
 [2 0 1]
 [0 2 1]
 [1 2 0]
 [2 0 1]
 [0 1 2]
 [1 2 0]
 [0 2 1]
 [2 1 0]]
tt_50sample [[2 1 0]
 [1 2 0]
 [2 0 1]
 [0 2 1]
 [1 2 0]
 [0 2 1]
 [0 1 2]
 [1 2 0]
 [0 2 1]
 [2 1 0]]
vm  [ 0.3  1.7  0.   0.4  0.7  0.7 -0.3 -0.3  0.5 -0.2 -0.4 -0.  -0.2 -0.2 -0.3  0.1 -0.1 -0.1 -0.3  2.1 -0.2  0.9  0.1  1.3 -0.1  0.6  0.6 -0.2  0.9  0.1 -0.2 -0.3 -0.1  0.8 -0.1 -0.2  1.  -0.   0.3  1.6 -0.4 -0.2 -0.1 -0.3 -0.3  0.4 -0.4  0.1 -0.2  1.8  1.8  0.3 -0.1  0.9 -0.2  0.1  1.1  0.1  0.9 -0.1  0.5 -0.   0.6  0.7 -0.  -0.2  0.5  0.4  0.6 -0.2  1.   1.6 -0.2  0.1  0.1 -0.1  0.5  0.9  0.3 -0.  -0.3  0.8  0.3  0.3 -0.1 -0.1  1.  -0.1 -0.2  0.6 -0.  -0.  -0.1  1.3  0.1  0.8 -0.4 -0.2 -0.6  1.4 -0.   0.1 -0.1  1.2 -0.1 -0.2 -0.3  0.  -0.   0.2  1.3 -0.1  0.3 -0.1  0.3 -0.2  0.9 -0.1 -0.  -0.1  0.9 -0.3 -0.1 -0.2 -0.4  0.9 -0.2 -0.3 -0.1 -0.1 -0.  -0.   1.7  0.3 -0.1  0.2  0.3  0.9 -0.2  1.6  0.  -0.1 -0.4  1.3 -0.1 -0.1  0.6 -0.2  1.  -0.1  1.8  0.4  0.7 -0.3 -0.1  1.3 -0.1 -0.2  1.1 -0.  -0.2  0.3 -0.1  1.6 -0.1  0.8  0.7 -0.3  2.4  0.6  1.4  1.3 -0.3 -0.1  0.6  0.1 -0.1 -0.1  0.4  1.3 -0.3 -0.1  1.5 -0.1  0.3  0.8 -0.3  1.1  0.   0.   0.8 -0.1  1.4  0.1 -0.2  1.6 -0.3 -0.3 -0.1  0.5  0.   0.7 -0.2  0.9  1.1 -0.3  0.5  0.1  0.4 -0.2 -0.1 -0.1 -0.3  1.  -0.1  0.   0.7 -0.  -0.1 -0.1  0.1 -0.1  1.8  0.5  0.6 -0.1  1.  -0.   1.2  0.1  1.2  1.5  0.1 -0.1  0.7 -0.1  0.2 -0.2 -0.2 -0.1 -0.  -0.3  0.9  0.1  2.1  1.4  0.5  0.8  0.8 -0.2  1.6  1.7  0.1 -0.1 -0.  -0.1]
vy_50sample [[1 0 0]
 [0 1 2]
 [1 0 2]
 [1 2 0]
 [1 0 2]
 [2 1 0]
 [2 1 0]
 [1 2 0]
 [1 2 0]
 [2 1 0]]
vt_50sample [[1 0 2]
 [0 1 2]
 [1 0 2]
 [1 2 0]
 [1 0 2]
 [2 1 0]
 [2 1 0]
 [1 2 0]
 [1 2 0]
 [2 1 0]]
Epoch   110: Training cost= 0.2515, Training acc= 0.8371, Validation cost= 0.1936, Validation acc= 0.8457
Epoch   120: Training cost= 0.1876, Training acc= 0.8449, Validation cost= 0.1629, Validation acc= 0.8526
Epoch   130: Training cost= 0.1507, Training acc= 0.8519, Validation cost= 0.1382, Validation acc= 0.8597
Epoch   140: Training cost= 0.1795, Training acc= 0.8582, Validation cost= 0.1154, Validation acc= 0.8658
Epoch   150: Training cost= 0.1088, Training acc= 0.8640, Validation cost= 0.1146, Validation acc= 0.8715
Epoch   160: Training cost= 0.1611, Training acc= 0.8684, Validation cost= 0.1702, Validation acc= 0.8763
Epoch   170: Training cost= 0.1544, Training acc= 0.8722, Validation cost= 0.1171, Validation acc= 0.8796
Epoch   180: Training cost= 0.1028, Training acc= 0.8766, Validation cost= 0.1338, Validation acc= 0.8836
Epoch   190: Training cost= 0.0957, Training acc= 0.8806, Validation cost= 0.1131, Validation acc= 0.8872
Epoch   200: Training cost= 0.1153, Training acc= 0.8838, Validation cost= 0.1219, Validation acc= 0.8903
tm  [ 0.7  1.9 -0.1  1.1  0.6  0.6 -0.4 -0.3  0.5 -0.2 -0.4 -0.1 -0.3 -0.2 -0.3  0.3 -0.2 -0.2 -0.2  1.7 -0.2  0.7  0.4  1.3 -0.1  0.1  0.5 -0.2  0.8  0.3 -0.1 -0.2  0.1  0.5 -0.2 -0.1  0.9 -0.1  0.6  1.1 -0.5 -0.2 -0.2 -0.3 -0.2 -0.  -0.4 -0.1 -0.1  2.   2.1  0.2 -0.1  0.7 -0.2  0.4  0.8  0.1  0.6  0.   0.  -0.1  0.5  0.5 -0.  -0.2  0.2  0.3  0.8 -0.2  0.7  1.5 -0.2  0.2  0.2 -0.1  0.5  1.   0.2 -0.1 -0.2  0.9 -0.1  0.  -0.2 -0.1  0.8 -0.1 -0.4  0.7  0.2  0.7 -0.1  1.6  0.5  1.  -0.5 -0.1 -0.7  1.2 -0.   0.2 -0.1  1.4 -0.  -0.1 -0.1 -0.1 -0.1 -0.1  1.3 -0.  -0.1 -0.1 -0.  -0.   0.8 -0.2  0.1 -0.   0.9 -0.3 -0.1 -0.1 -0.3  0.3 -0.2 -0.2 -0.2 -0.1 -0.1 -0.1  1.9  0.1 -0.2  1.   0.7  0.8 -0.1  1.2 -0.  -0.  -0.3  1.3 -0.  -0.1  0.6 -0.2  0.8 -0.2  1.8  0.5  0.9 -0.2 -0.1  0.6 -0.1 -0.2  1.3  0.  -0.4 -0.1 -0.1  1.5 -0.2  1.1  0.6 -0.2  2.2  1.2  1.1  1.1 -0.2  0.   0.5 -0.1 -0.1 -0.2 -0.1  1.  -0.2 -0.1  1.5 -0.2 -0.1  0.4 -0.1  0.6  0.   0.3  0.6 -0.1  1.1 -0.1 -0.3  1.9 -0.2 -0.2 -0.2  0.3 -0.1  0.2 -0.1  0.7  1.  -0.2  0.6  0.4  0.8 -0.2 -0.1 -0.1 -0.3  1.   0.1  0.1  0.1 -0.1 -0.1 -0.1 -0.1 -0.2  1.5  0.7  0.1 -0.   0.8  0.1  1.   0.7  1.   1.3 -0.1 -0.1  0.4  0.1  0.7 -0.1 -0.1 -0.  -0.1 -0.2  0.8  0.   1.6  1.6  0.2  0.5  0.4 -0.2  1.3  1.9  0.5 -0.1 -0.1  0.3]
ty_50sample [[1 2 0]
 [0 1 2]
 [1 0 2]
 [1 2 0]
 [1 0 2]
 [0 2 1]
 [0 2 1]
 [2 0 1]
 [2 1 0]
 [1 0 2]]
tt_50sample [[1 2 0]
 [0 1 2]
 [1 0 2]
 [1 2 0]
 [1 0 2]
 [0 2 1]
 [0 2 1]
 [2 0 1]
 [2 1 0]
 [1 0 2]]
vm  [-0.2 -0.1  0.2  0.4 -0.1 -0.   0.8 -0.1  0.  -0.3  0.8 -0.1 -0.   0.1 -0.1  0.2 -0.  -0.2  1.   0.6 -0.2  0.1 -0.1  0.8  0.4 -0.1  0.5  0.3 -0.2 -0.1 -0.2 -0.   1.1  0.  -0.2  0.   0.9 -0.2  0.2 -0.2  0.8  1.  -0.   1.7  0.9  0.2 -0.1 -0.2  0.   0.4 -0.1 -0.3  0.4 -0.1  0.4 -0.  -0.1 -0.1  0.   0.6  0.4  0.9  0.6  0.1  0.5 -0.1 -0.1  0.1  0.7  0.8  0.2 -0.2  0.8  0.5 -0.  -0.1 -0.2  0.6  0.  -0.1  0.2 -0.   0.1  0.2  1.   0.6  0.7 -0.1  0.8  0.4  1.   0.5 -0.1 -0.2  0.3 -0.1  0.5  0.2  1.5  0.5 -0.2  1.  -0.1 -0.   0.2  0.3 -0.1 -0.2  0.5  0.8  0.3  0.1  0.3 -0.1  0.5  0.  -0.1 -0.  -0.2 -0.1 -0.   0.7  0.4  0.5  0.2 -0.1 -0.   0.9 -0.2 -0.1  0.6 -0.3 -0.   0.4  0.3  0.   0.4  0.1 -0.2 -0.1 -0.1  0.1 -0.2 -0.1  1.  -0.2 -0.2 -0.2  0.9 -0.1 -0.2  0.4  0.2 -0.1 -0.1 -0.3  1.6 -0.  -0.1  0.   0.7  0.6  0.  -0.2  0.8  0.3 -0.2  1.1 -0.1  0.5  0.1  0.1 -0.1 -0.3  0.9  0.7  0.3  0.6  0.3 -0.1  0.1  1.  -0.2 -0.2 -0.  -0.   0.5  0.5  0.4  0.4  0.1 -0.1 -0.1 -0.1 -0.1 -0.2  0.8  0.  -0.1  0.2 -0.1 -0.1 -0.1 -0.  -0.1  0.9  0.6  0.9  0.   0.6 -0.  -0.1 -0.1 -0.1  0.1  0.2  0.2 -0.1 -0.1 -0.  -0.1  0.3 -0.   0.3 -0.   0.6 -0.1 -0.  -0.2 -0.  -0.  -0.1 -0.2  0.1  0.2 -0.   0.1 -0.   0.2  1.  -0.1  0.5 -0.1 -0.2 -0.2 -0.  -0.1 -0.  -0.1 -0.  -0.  -0.1  0.7  0.9 -0.   0.1]
vy_50sample [[2 0 1]
 [0 2 1]
 [2 1 0]
 [1 0 0]
 [1 2 0]
 [0 1 2]
 [1 2 0]
 [2 0 1]
 [0 1 2]
 [2 0 1]]
vt_50sample [[2 0 1]
 [0 2 1]
 [2 1 0]
 [1 2 0]
 [1 2 0]
 [0 1 2]
 [1 2 0]
 [2 0 1]
 [1 0 2]
 [2 0 1]]
Epoch   210: Training cost= 0.0883, Training acc= 0.8873, Validation cost= 0.1688, Validation acc= 0.8936
Epoch   220: Training cost= 0.1192, Training acc= 0.8906, Validation cost= 0.1282, Validation acc= 0.8965
Epoch   230: Training cost= 0.1097, Training acc= 0.8933, Validation cost= 0.1254, Validation acc= 0.8989
Epoch   240: Training cost= 0.1888, Training acc= 0.8956, Validation cost= 0.2302, Validation acc= 0.9007
Epoch   250: Training cost= 0.0963, Training acc= 0.8975, Validation cost= 0.0958, Validation acc= 0.9024
Epoch   260: Training cost= 0.1390, Training acc= 0.8992, Validation cost= 0.1846, Validation acc= 0.9037
Epoch   270: Training cost= 0.2170, Training acc= 0.9006, Validation cost= 0.1933, Validation acc= 0.9046
Epoch   280: Training cost= 0.1443, Training acc= 0.9020, Validation cost= 0.2110, Validation acc= 0.9056
Epoch   290: Training cost= 0.1530, Training acc= 0.9032, Validation cost= 0.0870, Validation acc= 0.9070
Epoch   300: Training cost= 0.1440, Training acc= 0.9048, Validation cost= 0.1567, Validation acc= 0.9087
tm  [-0.1  0.4 -0.1  0.1  0.   0.3  0.2 -0.2  0.3 -0.3  0.  -0.  -0.1 -0.1 -0.1  0.1 -0.  -0.1  0.1  1.3 -0.2  0.5  0.   0.8 -0.1  0.3  0.3 -0.   0.  -0.1 -0.2 -0.1  0.6  0.2 -0.1 -0.1  1.1 -0.1  0.1  0.6  0.4  0.  -0.1  0.4 -0.1  0.5 -0.2 -0.1 -0.1  0.7  0.4 -0.2 -0.1 -0.  -0.1 -0.1  0.2 -0.1  0.   0.2  0.4  0.7  0.7  0.3  0.1 -0.1  0.  -0.   0.5  0.2  0.6  0.2  0.5  0.2  0.  -0.1 -0.1  0.4  0.3  0.3 -0.2 -0.   0.7  0.6  1.   0.1  0.6 -0.1  0.1  0.1  0.5  0.1 -0.1 -0.   0.2 -0.  -0.  -0.1  0.2  0.9 -0.1  0.6 -0.2  0.3  0.1  0.3 -0.3 -0.1  0.1  0.7  0.5  0.1  0.6 -0.1  0.3 -0.1  0.5 -0.  -0.2 -0.1  0.3  0.   0.  -0.  -0.1  0.6 -0.1 -0.  -0.2 -0.1  0.1 -0.1  0.3  0.3  0.  -0.   0.2  0.  -0.1  0.6 -0.  -0.  -0.2  0.5  0.1 -0.1  0.1 -0.2  0.8 -0.2  0.5  0.3  0.2 -0.2 -0.1 -0.1  0.3 -0.1  0.2 -0.1  0.1  0.6 -0.   0.   0.5  0.4 -0.1 -0.   0.8  0.5  1.   0.8 -0.3 -0.1  0.8  0.4 -0.  -0.   0.4  0.3 -0.2  0.3  0.1 -0.2  0.   0.2 -0.1  0.7 -0.   0.3  0.1 -0.1  0.5  0.2 -0.2  0.2 -0.1 -0.2 -0.1  0.6 -0.2 -0.1 -0.1  0.2  0.6 -0.   0.5  0.4  0.1  0.3 -0.  -0.  -0.2  0.4 -0.  -0.   0.6 -0.1 -0.1 -0.1 -0.1 -0.   0.7  0.1  0.3  0.1  0.3  0.  -0.  -0.1  0.5  0.5 -0.   0.1  0.2 -0.1 -0.  -0.  -0.1 -0.1 -0.   0.2  0.1 -0.1  0.9  0.7 -0.   0.1  0.1 -0.   0.7  0.1  0.   0.5 -0.   0.2]
ty_50sample [[0 1 2]
 [0 2 1]
 [1 0 2]
 [2 0 1]
 [2 1 0]
 [2 0 1]
 [1 2 0]
 [2 0 1]
 [2 1 0]
 [2 0 1]]
tt_50sample [[1 0 2]
 [0 2 1]
 [1 2 0]
 [0 2 1]
 [2 1 0]
 [2 0 1]
 [1 2 0]
 [2 0 1]
 [2 1 0]
 [2 0 1]]
vm  [-0.1  1.1  0.1 -0.2  0.7  0.9 -0.1 -0.5  0.9 -0.2 -0.3 -0.  -0.1 -0.1 -0.1 -0.1 -0.1  0.1 -0.4  2.4 -0.1  1.  -0.   0.9 -0.1  0.8  0.5 -0.2  0.5 -0.1 -0.2 -0.2 -0.   0.4  0.  -0.2  0.7  0.3 -0.1  2.1 -0.1 -0.4  0.2 -0.2 -0.5  1.4 -0.3  0.3 -0.4  1.1  0.8 -0.1 -0.   0.7 -0.4 -0.   1.2 -0.   0.3  0.1  0.6  0.6  0.8  0.6 -0.1 -0.2  0.5 -0.   0.3 -0.2  1.4  2.  -0.  -0.1 -0.  -0.1  0.1  0.2  0.3  0.5 -0.6 -0.1  1.4  0.6  0.4 -0.1  1.  -0.1 -0.1 -0.1 -0.1 -0.2 -0.   1.  -0.2  0.4 -0.5 -0.3 -0.2  1.6 -0.1  0.1 -0.3  0.6 -0.1 -0.2 -0.5 -0.1 -0.   1.   1.5 -0.2  0.8 -0.1  0.8 -0.2  1.4 -0.1 -0.2 -0.1  0.7 -0.1 -0.1 -0.3 -0.5  1.6 -0.3 -0.4 -0.2 -0.1 -0.1 -0.   1.3  0.3 -0.1 -0.1 -0.1  0.4 -0.2  1.4 -0.  -0.1 -0.2  1.1 -0.1 -0.2  0.5  0.1  0.8 -0.2  2.3  0.7 -0.1 -0.4 -0.2  1.  -0.3 -0.2  0.9 -0.2 -0.1  1.  -0.   1.2  0.2  0.4  0.1 -0.4  2.4  0.3  1.6  1.5 -0.4 -0.1  0.8  0.8 -0.  -0.3  0.9  1.6 -0.4 -0.3  1.  -0.1  0.5  1.1 -0.4  0.9 -0.   0.1  0.7 -0.   1.8  0.8 -0.2  1.  -0.4 -0.4 -0.2  1.2 -0.1  0.8 -0.1  1.   1.6 -0.3  0.2 -0.2  0.4  0.1 -0.  -0.1 -0.3  1.8 -0.  -0.1  1.3 -0.  -0.2 -0.2  0.2  0.1  1.7 -0.   0.6 -0.2  1.2 -0.   0.6 -0.2  1.2  2.1  0.5 -0.1  0.4 -0.2 -0.1 -0.3 -0.2 -0.4 -0.1 -0.2  0.8  0.1  2.6  1.7  0.3  0.6  0.6 -0.1  1.9  0.9 -0.3 -0.1 -0.1 -0.1]
vy_50sample [[1 0 2]
 [0 1 2]
 [2 0 1]
 [0 2 1]
 [1 2 0]
 [1 2 0]
 [1 0 2]
 [2 1 0]
 [1 2 0]
 [1 1 2]]
vt_50sample [[1 0 2]
 [0 1 2]
 [2 0 1]
 [0 2 1]
 [1 2 0]
 [1 2 0]
 [1 0 2]
 [2 1 0]
 [1 2 0]
 [1 0 2]]
Epoch   310: Training cost= 0.1115, Training acc= 0.9061, Validation cost= 0.1333, Validation acc= 0.9102
Epoch   320: Training cost= 0.2022, Training acc= 0.9074, Validation cost= 0.2139, Validation acc= 0.9111
Epoch   330: Training cost= 0.0979, Training acc= 0.9086, Validation cost= 0.2355, Validation acc= 0.9121
Epoch   340: Training cost= 0.1251, Training acc= 0.9097, Validation cost= 0.1242, Validation acc= 0.9134
Epoch   350: Training cost= 0.0959, Training acc= 0.9109, Validation cost= 0.1087, Validation acc= 0.9142
Epoch   360: Training cost= 0.0923, Training acc= 0.9123, Validation cost= 0.0782, Validation acc= 0.9155
Epoch   370: Training cost= 0.1402, Training acc= 0.9134, Validation cost= 0.1312, Validation acc= 0.9165
Epoch   380: Training cost= 0.1068, Training acc= 0.9143, Validation cost= 0.1162, Validation acc= 0.9174
Epoch   390: Training cost= 0.1325, Training acc= 0.9153, Validation cost= 0.0523, Validation acc= 0.9184
Epoch   400: Training cost= 0.0940, Training acc= 0.9162, Validation cost= 0.1134, Validation acc= 0.9190
tm  [-0.1  0.5  0.   1.2 -0.2 -0.2  0.2  0.2  0.2 -0.3  0.3 -0.1 -0.  -0.1 -0.   1.  -0.1 -0.3  1.   0.3 -0.3  0.3  0.5  0.6  0.1 -0.1  0.8 -0.  -0.  -0.  -0.2 -0.1  0.7  0.5 -0.1  0.   0.7 -0.4  0.6 -0.2  0.2  1.5 -0.2  1.1  1.3 -0.2 -0.  -0.1 -0.   0.9  0.8 -0.2  0.3 -0.1  0.9 -0.  -0.1  0.1 -0.1  0.3 -0.   0.3  0.9  0.2  0.6 -0.  -0.2 -0.   1.4  1.1 -0.  -0.2  0.4  1.   0.3 -0.1 -0.1  0.8 -0.1 -0.1  0.5  0.8 -0.2  0.1  0.7  0.2  0.6 -0.1  0.2  0.7  0.8  1.2 -0.2 -0.1  0.9  0.4  0.6 -0.1  0.3  0.3 -0.2  0.8  0.1  0.5  0.2  0.2  0.1 -0.1  0.2 -0.1  0.6  0.6 -0.1 -0.   0.3 -0.1  0.1 -0.1 -0.2 -0.1  0.5  0.1  0.2  0.7  0.1 -0.2 -0.   1.1 -0.2 -0.1  0.8 -0.1  0.2 -0.  -0.   0.7  1.   0.2 -0.2  0.2 -0.1  0.  -0.2  0.5  0.4 -0.2 -0.1 -0.2  1.2 -0.1 -0.3  0.6  0.9 -0.  -0.1 -0.2  1.2 -0.   0.2  0.2  0.1 -0.   0.1 -0.2  0.8  0.7 -0.3  0.8 -0.1  0.8  0.4  0.4 -0.1 -0.1  1.1 -0.1 -0.   0.8 -0.1 -0.1 -0.1  1.2 -0.1 -0.3 -0.1 -0.1  0.8  0.2  0.3  0.5 -0.  -0.1 -0.1 -0.2 -0.1  0.2  0.9  0.  -0.   0.4 -0.2 -0.2 -0.1 -0.  -0.2  0.7  0.7  1.6 -0.   0.2 -0.1 -0.  -0.2 -0.2 -0.   0.4 -0.  -0.1 -0.1  0.  -0.1 -0.1  0.5  0.9 -0.1  0.9 -0.1  0.   0.2  0.2 -0.1 -0.2 -0.2 -0.  -0.  -0.1  0.8  0.  -0.1  1.2 -0.   0.9 -0.1 -0.  -0.3  0.2 -0.1 -0.1 -0.1 -0.  -0.2  0.1  1.3  0.5 -0.1  0.3]
ty_50sample [[2 0 0]
 [1 2 0]
 [2 0 1]
 [0 1 2]
 [0 2 1]
 [0 2 1]
 [2 1 0]
 [0 1 2]
 [2 0 1]
 [0 1 2]]
tt_50sample [[2 1 0]
 [1 2 0]
 [2 0 1]
 [0 1 2]
 [0 2 1]
 [0 2 1]
 [2 1 0]
 [0 1 2]
 [2 0 1]
 [0 1 2]]
vm  [-0.5 -0.2  1.3  0.6 -0.4 -0.1  1.3 -0.   1.6 -0.5  0.2 -0.1  0.5 -0.1 -0.1  0.5 -0.3 -0.6  1.3  1.4 -0.2  1.3 -0.1  0.4 -0.1 -0.   1.6 -0.1  0.2 -0.2 -0.2 -0.3  1.4  1.6 -0.1 -0.2  0.2 -0.9  0.2 -0.2  1.   1.8 -0.2  1.8  1.5  0.1  0.6 -0.1 -0.4  0.8  0.3 -0.5 -0.1  0.   1.1 -0.   0.5 -0.  -0.1 -0.2 -0.2  0.5  2.4  0.8 -0.  -0.1 -0.1  0.6  2.1  0.9  0.6 -0.   0.1  0.8 -0.  -0.2 -0.5  0.2  0.3 -0.3 -0.   0.7 -0.   1.   1.4 -0.   1.2 -0.2  0.8  0.2  0.6  1.1 -0.4 -0.5  0.4  0.9  0.6 -0.3  1.1  1.2 -0.4  1.7 -0.1 -0.  -0.  -0.2 -0.4 -0.1  0.7  0.   1.6  0.2 -0.1 -0.   2.  -0.2  1.3 -0.1 -0.6 -0.1  2.   0.3 -0.1  0.6 -0.1 -0.2 -0.3  1.  -0.1 -0.2  1.  -0.3  0.2  0.4 -0.1  0.6  0.4  0.1 -0.5  0.5 -0.  -0.1 -0.3  0.4  0.  -0.7 -0.6 -0.4  2.4 -0.2 -0.3  1.5  0.2 -0.2 -0.4 -0.3  1.2 -0.1 -0.3  0.   0.3  0.6 -0.1 -0.4  3.   1.2 -0.8  1.4 -0.1  0.2  1.2  1.4 -0.1 -0.3  2.  -0.   0.2  0.9  0.1  0.2 -0.6  1.2 -0.3 -0.4  0.6 -0.2  0.7  0.5  0.4  0.3  0.8 -0.2 -0.2 -0.2 -0.1 -0.2  1.  -0.2 -0.2  1.7 -0.3  0.4 -0.2  0.6 -0.2  0.9  0.4  1.4 -0.4  0.9 -0.1 -0.  -0.5 -0.2 -0.1  1.3  0.8 -0.1 -0.2 -0.1 -0.2 -0.1  1.9  1.6 -0.1  0.8 -0.2 -0.   0.3 -0.1 -0.3 -0.2 -0.2 -0.1 -0.2 -0.5  0.3 -0.1 -0.2  1.  -0.2  0.8  0.5  0.8 -0.3  0.9 -0.  -0.4 -0.2  0.6 -0.2 -0.1  1.6  0.2 -0.  -0.1]
vy_50sample [[2 0 1]
 [2 1 0]
 [1 2 0]
 [2 1 0]
 [1 2 0]
 [1 0 2]
 [1 1 2]
 [1 0 2]
 [0 1 2]
 [1 2 0]]
vt_50sample [[2 0 1]
 [2 1 0]
 [1 0 2]
 [2 1 0]
 [1 2 0]
 [1 0 2]
 [1 0 2]
 [1 0 2]
 [0 1 2]
 [1 2 0]]
Epoch   410: Training cost= 0.1780, Training acc= 0.9170, Validation cost= 0.1415, Validation acc= 0.9197
Epoch   420: Training cost= 0.1163, Training acc= 0.9174, Validation cost= 0.0785, Validation acc= 0.9200
Epoch   430: Training cost= 0.1479, Training acc= 0.9180, Validation cost= 0.1137, Validation acc= 0.9205
Epoch   440: Training cost= 0.1698, Training acc= 0.9185, Validation cost= 0.0980, Validation acc= 0.9206
Epoch   450: Training cost= 0.0752, Training acc= 0.9192, Validation cost= 0.1081, Validation acc= 0.9214
Epoch   460: Training cost= 0.0964, Training acc= 0.9200, Validation cost= 0.0745, Validation acc= 0.9221
Epoch   470: Training cost= 0.2023, Training acc= 0.9206, Validation cost= 0.1219, Validation acc= 0.9228
Epoch   480: Training cost= 0.0765, Training acc= 0.9214, Validation cost= 0.1008, Validation acc= 0.9234
Epoch   490: Training cost= 0.0700, Training acc= 0.9223, Validation cost= 0.0640, Validation acc= 0.9241
Epoch   500: Training cost= 0.1049, Training acc= 0.9230, Validation cost= 0.1792, Validation acc= 0.9247
tm  [-0.1  1.1  0.2  0.1 -0.   0.3 -0.1 -0.3  0.6 -0.2 -0.3 -0.  -0.2 -0.1 -0.1  0.4 -0.  -0.1 -0.2  1.7 -0.2  0.8  0.1  0.8 -0.1  0.3  0.8 -0.1  0.3 -0.  -0.2 -0.2  0.2  0.4 -0.1 -0.1  0.7 -0.1  0.1  1.1 -0.2 -0.1 -0.1  0.  -0.2  0.3 -0.3 -0.  -0.2  1.1  1.1 -0.1 -0.   0.3 -0.1  0.   0.5 -0.1 -0.   0.3  0.2  0.2  0.9  0.5  0.  -0.2 -0.  -0.   0.9  0.   0.5  1.2  0.   0.1  0.1 -0.1 -0.   0.5  0.1 -0.  -0.3  0.2  0.3  0.4  0.5 -0.   0.9 -0.1 -0.1  0.2 -0.   0.4 -0.1  0.8  0.   0.5 -0.3 -0.2 -0.2  1.1 -0.2  0.4 -0.2  0.7 -0.1 -0.1 -0.3 -0.1  0.   0.2  1.3 -0.1  0.1 -0.   0.7 -0.2  0.9 -0.1 -0.1 -0.   0.9 -0.1 -0.1 -0.1 -0.3  0.6 -0.2 -0.1 -0.2 -0.1 -0.  -0.1  1.   0.  -0.1  0.1  0.3  0.4 -0.2  0.8 -0.  -0.  -0.2  0.9  0.1 -0.2  0.1 -0.1  0.9 -0.1  1.2  0.7  0.3 -0.3 -0.1  0.3 -0.1 -0.1  0.6 -0.1 -0.1  0.4 -0.   0.6  0.3  0.7 -0.1 -0.2  1.6  0.7  1.1  1.1 -0.2 -0.1  0.9  0.3 -0.1 -0.1  0.1  0.9 -0.3 -0.1  0.6 -0.2  0.2  0.4 -0.1  0.5  0.   0.3  0.4 -0.1  1.   0.2 -0.2  1.  -0.2 -0.2 -0.1  1.  -0.1  0.2 -0.1  0.6  0.8 -0.1  0.3  0.3  0.2  0.2 -0.1 -0.  -0.3  0.9  0.1  0.1  0.8 -0.1 -0.1 -0.1  0.  -0.1  1.4  0.3  0.1 -0.   0.5  0.1  0.4 -0.1  0.7  1.   0.  -0.   0.2 -0.1  0.3 -0.2 -0.1 -0.1 -0.1 -0.   0.5  0.1  1.4  1.4 -0.   0.   0.  -0.   1.1  0.8 -0.1 -0.1 -0.1  0. ]
ty_50sample [[1 2 2]
 [2 0 1]
 [1 0 2]
 [0 2 1]
 [2 0 1]
 [1 0 2]
 [1 2 0]
 [2 1 0]
 [2 1 0]
 [0 1 2]]
tt_50sample [[1 0 2]
 [2 0 1]
 [1 0 2]
 [0 2 1]
 [2 0 1]
 [1 0 2]
 [1 2 0]
 [2 1 0]
 [2 1 0]
 [0 1 2]]
vm  [-0.6 -0.3  1.8 -0.  -0.4 -0.1  1.8 -0.2  2.  -0.4  0.1 -0.1  0.5 -0.1 -0.1  0.1 -0.3 -0.5  1.   2.2 -0.2  1.3 -0.3  0.2 -0.2 -0.   1.9 -0.1  0.4 -0.2 -0.2 -0.4  1.4  1.7 -0.1 -0.2  0.3 -0.9 -0.1 -0.2  1.5  1.4 -0.1  2.2  1.   0.6  0.6 -0.1 -0.4  0.8 -0.1 -0.5 -0.2 -0.   0.6 -0.   0.8 -0.1 -0.1 -0.1 -0.2  0.5  2.7  0.8 -0.2 -0.2 -0.2  0.4  2.1  0.9  0.8  0.4  0.1  0.3 -0.  -0.1 -0.5 -0.1  0.7 -0.3 -0.2  0.2  0.6  1.4  1.8 -0.   1.6 -0.2  1.4 -0.1  0.3  0.9 -0.4 -0.6 -0.   0.9  0.2 -0.3  2.   1.8 -0.3  1.9 -0.3 -0.2 -0.1 -0.3 -0.6 -0.1  1.2  0.3  2.2 -0.3  0.1 -0.1  2.4 -0.2  1.7 -0.2 -0.7 -0.1  2.3  0.1 -0.   0.2 -0.3 -0.1 -0.4  0.8 -0.2 -0.1  0.5 -0.3 -0.1  0.2 -0.   0.1 -0.1 -0.  -0.5  0.3 -0.1 -0.  -0.3  0.2  0.1 -0.9 -0.7 -0.4  2.4 -0.1 -0.2  1.8 -0.  -0.4 -0.4 -0.3  1.1 -0.2 -0.5 -0.2  0.6  1.1 -0.2 -0.4  3.5  1.2 -0.9  1.5 -0.  -0.   1.4  1.8 -0.1 -0.3  1.9  0.4  0.2  0.6  0.7  0.5 -0.8  1.2 -0.4 -0.4  1.  -0.1  0.2  0.9  0.1  0.2  1.  -0.1 -0.1 -0.  -0.1 -0.4  0.7 -0.2 -0.3  2.1 -0.2  1.  -0.1  1.  -0.1  0.6  0.2  0.8 -0.5  1.2 -0.1 -0.  -0.6 -0.1 -0.1  1.4  1.3 -0.1 -0.1 -0.2 -0.1  0.   2.3  1.4 -0.   0.4 -0.1 -0.1  0.1 -0.2 -0.3 -0.1 -0.1 -0.  -0.1 -0.6 -0.1 -0.2 -0.2  0.8 -0.2  0.8  0.9  0.7 -0.2  1.3 -0.1 -0.4 -0.2  0.8 -0.1 -0.2  1.  -0.   0.  -0.2]
vy_50sample [[0 2 1]
 [1 0 2]
 [1 0 2]
 [0 2 1]
 [2 1 0]
 [0 1 2]
 [2 1 0]
 [1 0 2]
 [0 2 1]
 [0 1 2]]
vt_50sample [[0 2 1]
 [1 0 2]
 [1 0 2]
 [0 2 1]
 [2 1 0]
 [0 1 2]
 [2 1 0]
 [1 0 2]
 [0 1 2]
 [0 1 2]]
Epoch   510: Training cost= 0.1804, Training acc= 0.9234, Validation cost= 0.0985, Validation acc= 0.9253
Epoch   520: Training cost= 0.2507, Training acc= 0.9238, Validation cost= 0.0766, Validation acc= 0.9257
Epoch   530: Training cost= 0.1121, Training acc= 0.9242, Validation cost= 0.0851, Validation acc= 0.9260
Epoch   540: Training cost= 0.0743, Training acc= 0.9250, Validation cost= 0.0922, Validation acc= 0.9267
Epoch   550: Training cost= 0.0655, Training acc= 0.9260, Validation cost= 0.1054, Validation acc= 0.9274
Epoch   560: Training cost= 0.1291, Training acc= 0.9267, Validation cost= 0.0380, Validation acc= 0.9281
Epoch   570: Training cost= 0.0633, Training acc= 0.9274, Validation cost= 0.0711, Validation acc= 0.9288
Epoch   580: Training cost= 0.1617, Training acc= 0.9281, Validation cost= 0.1040, Validation acc= 0.9293
Epoch   590: Training cost= 0.0742, Training acc= 0.9284, Validation cost= 0.1629, Validation acc= 0.9296
Epoch   600: Training cost= 0.0612, Training acc= 0.9287, Validation cost= 0.1356, Validation acc= 0.9298
tm  [ 0.5  2.  -0.   1.9 -0.2 -0.  -0.3 -0.  -0.  -0.1 -0.4 -0.1 -0.3 -0.1 -0.2  1.5  0.1 -0.3  0.   1.2 -0.3  0.3  1.4  0.5 -0.1 -0.2  1.1 -0.1  0.4  0.5 -0.2 -0.2 -0.   0.5 -0.1 -0.   0.3 -0.2  1.1  0.3 -0.7  0.3 -0.3 -0.3  0.  -0.4 -0.4 -0.2 -0.1  1.9  2.7 -0.1 -0.   0.4  0.2 -0.   0.1 -0.1 -0.   0.4 -0.1 -0.3  0.5  0.1  0.4 -0.1 -0.2 -0.1  1.5  0.3 -0.1  0.5 -0.2  0.9  0.4 -0.1 -0.   1.3  0.1 -0.2 -0.   1.4 -0.5 -0.2 -0.1 -0.   0.6 -0.2 -0.4  1.3 -0.   1.5 -0.2  1.5  1.1  1.2 -0.4 -0.2 -0.6  0.6 -0.2  0.4 -0.1  1.4 -0.  -0.1 -0.1 -0.  -0.1 -0.4  1.1 -0.  -0.2 -0.1 -0.   0.   0.6 -0.1 -0.1 -0.1  1.1 -0.3 -0.1  0.2 -0.2 -0.2 -0.1  0.2 -0.1 -0.2 -0.1 -0.1  1.9 -0.1 -0.3  1.1  1.4  0.8 -0.2  0.8 -0.1 -0.  -0.3  0.9  0.  -0.2  0.1 -0.3  1.  -0.1  0.8  0.5  1.3 -0.2  0.5  0.2  0.2 -0.1  1.4 -0.  -0.5 -0.3 -0.   0.6 -0.2  1.2 -0.  -0.   1.3  1.2  0.5  0.8 -0.   0.   0.7 -0.2 -0.3 -0.  -0.3  0.2 -0.2  0.3  1.  -0.2 -0.1 -0.  -0.  -0.  -0.1  0.4  0.4 -0.1  0.7 -0.2 -0.2  1.8 -0.  -0.1 -0.1  0.5 -0.1 -0.2 -0.1  0.3  0.3  0.1  0.1  1.3  0.6 -0.2 -0.1 -0.  -0.3  0.3  0.   0.3  0.2 -0.1  0.1 -0.  -0.  -0.4  1.3  0.6 -0.1  0.3  0.4  0.2  0.4  1.2  0.6  0.4 -0.2 -0.1 -0.  -0.   1.8 -0.1 -0.1  0.5 -0.1 -0.1  0.7  0.3  0.5  1.3 -0.2 -0.1 -0.  -0.2  0.7  1.7  1.1 -0.1 -0.3  0.3]
ty_50sample [[1 2 0]
 [2 0 1]
 [1 2 0]
 [2 1 0]
 [1 2 0]
 [0 1 2]
 [2 0 1]
 [2 1 0]
 [2 0 1]
 [1 2 0]]
tt_50sample [[1 2 0]
 [2 0 1]
 [1 2 0]
 [2 1 0]
 [1 2 0]
 [0 1 2]
 [2 0 1]
 [2 1 0]
 [2 0 1]
 [1 2 0]]
vm  [ 0.2  1.  -0.1  1.1 -0.1 -0.1 -0.1  0.1 -0.1 -0.2  0.  -0.  -0.1 -0.1 -0.   1.1  0.2 -0.1  0.6  0.3 -0.2  0.   0.7  0.7  0.3 -0.1  0.4 -0.  -0.   0.  -0.2 -0.1  0.3  0.  -0.1  0.2  0.8 -0.1  0.7 -0.1 -0.1  1.  -0.2  0.5  1.  -0.2 -0.2 -0.1  0.4  0.9  1.2 -0.1  0.4 -0.1  0.8  0.1 -0.1 -0.  -0.   0.7  0.1  0.   0.3 -0.   0.8 -0.1 -0.2 -0.1  1.   1.  -0.1 -0.2  0.4  0.8  0.6 -0.1 -0.   0.9 -0.1 -0.1  0.3  0.8 -0.2 -0.1  0.2  0.2  0.4 -0.2 -0.   0.9  0.5  1.1 -0.1  0.4  0.9  0.2  0.2 -0.  -0.1  0.1 -0.1  0.3 -0.   0.7  0.2  0.4  0.3 -0.   0.  -0.1  0.3  0.5 -0.  -0.  -0.1 -0.1 -0.1 -0.  -0.1 -0.  -0.  -0.   0.1  0.5 -0.  -0.2  0.2  0.9 -0.2 -0.1  0.4  0.   0.5 -0.1 -0.   0.6  1.   0.3 -0.1  0.2 -0.1 -0.  -0.2  0.5  0.5  0.1  0.1 -0.2  0.7 -0.1 -0.2  0.2  1.  -0.   0.  -0.1  1.  -0.   0.7  0.  -0.  -0.1  0.3 -0.1 -0.1  0.4 -0.1  0.4  0.1  1.   0.1  0.1 -0.  -0.   0.7 -0.  -0.   0.6 -0.1 -0.1  0.1  0.9  0.2 -0.2 -0.2 -0.1  0.5  0.1  0.1  0.5 -0.1 -0.1 -0.  -0.1 -0.1  0.7  0.7  0.2  0.1 -0.  -0.1 -0.3 -0.  -0.  -0.1  0.6  0.4  1.3  0.7 -0.  -0.1 -0.  -0.  -0.1  0.2 -0.  -0.  -0.1  0.1  0.  -0.  -0.1  0.1  0.4 -0.   0.7 -0.1  0.1  0.1  0.3  0.3 -0.1 -0.2  0.   0.3 -0.   1.1  0.  -0.1  0.9 -0.   0.6 -0.1 -0.1 -0.2  0.3 -0.1  0.2 -0.  -0.1 -0.   0.2  0.9  0.5 -0.1  0.4]
vy_50sample [[2 1 0]
 [0 1 2]
 [2 0 1]
 [0 2 1]
 [0 1 2]
 [2 0 1]
 [0 2 1]
 [0 2 1]
 [2 1 0]
 [0 2 1]]
vt_50sample [[2 1 0]
 [0 1 2]
 [2 0 1]
 [0 2 1]
 [0 1 2]
 [2 0 1]
 [0 2 1]
 [0 2 1]
 [2 1 0]
 [0 2 1]]
Epoch   610: Training cost= 0.2519, Training acc= 0.9288, Validation cost= 0.1662, Validation acc= 0.9299
Epoch   620: Training cost= 0.1431, Training acc= 0.9288, Validation cost= 0.0885, Validation acc= 0.9302
Epoch   630: Training cost= 0.1499, Training acc= 0.9290, Validation cost= 0.1117, Validation acc= 0.9303
Epoch   640: Training cost= 0.0708, Training acc= 0.9294, Validation cost= 0.0971, Validation acc= 0.9309
Epoch   650: Training cost= 0.0790, Training acc= 0.9300, Validation cost= 0.0476, Validation acc= 0.9315
Epoch   660: Training cost= 0.0761, Training acc= 0.9306, Validation cost= 0.1000, Validation acc= 0.9319
Epoch   670: Training cost= 0.0622, Training acc= 0.9311, Validation cost= 0.0870, Validation acc= 0.9324
Epoch   680: Training cost= 0.0372, Training acc= 0.9317, Validation cost= 0.0986, Validation acc= 0.9328
Epoch   690: Training cost= 0.0559, Training acc= 0.9323, Validation cost= 0.0782, Validation acc= 0.9334
Epoch   700: Training cost= 0.0757, Training acc= 0.9328, Validation cost= 0.1219, Validation acc= 0.9337
tm  [-0.5 -0.8  1.7 -0.3 -0.3 -0.   2.8 -0.2  1.7 -0.3  0.9 -0.1  0.6 -0.1 -0.1 -0.2 -0.2 -0.3  1.6  2.2 -0.1  0.4 -0.5  0.4 -0.  -0.3  1.1  0.  -0.1 -0.3 -0.2 -0.3  2.   1.1 -0.2 -0.1  0.1 -0.9 -0.3 -0.4  2.7  2.  -0.2  2.7  2.1  1.4  0.7 -0.2 -0.3 -0.  -0.6 -0.4 -0.1 -0.   1.1 -0.1  0.4 -0.1 -0.1  0.  -0.1  1.3  2.6  0.4 -0.1 -0.1 -0.1  0.1  1.3  1.   0.7 -0.2  0.4 -0.1 -0.1 -0.1 -0.5 -0.2  0.8 -0.3 -0.2 -0.2  1.3  0.9  2.1 -0.1  1.5  0.2  2.4 -0.2  0.9  0.7 -0.2 -0.8 -0.3 -0.   1.6 -0.2  3.5  1.5 -0.3  1.3 -0.2 -0.5  0.2 -0.3 -0.4 -0.3  1.8  1.3  1.3 -0.2  0.4 -0.1  2.5 -0.1  0.6 -0.  -0.6 -0.1  1.4  0.4 -0.1  0.  -0.1 -0.2 -0.2  1.4 -0.2 -0.1  1.  -0.3 -0.2 -0.1 -0.1 -0.3 -0.3 -0.1 -0.4 -0.2 -0.1 -0.1 -0.2 -0.2  0.5 -1.  -0.7 -0.3  1.8 -0.2 -0.3  1.5 -0.3 -0.5 -0.3 -0.6  2.5 -0.2 -0.7 -0.1  1.6  1.7 -0.2 -0.8  3.6  0.6 -0.9  1.7 -0.3 -0.2  0.3  1.2 -0.1 -0.2  1.2  1.4  0.7  1.1  1.   0.1 -0.5  1.5 -0.6 -0.2  1.1 -0.1  0.7  0.8 -0.   0.   0.9 -0.  -0.2 -0.2 -0.2 -0.9  1.5 -0.1 -0.1  1.7 -0.   0.7 -0.1  0.8 -0.3  1.7 -0.1 -0.1 -0.3  1.5 -0.1 -0.1 -0.4 -0.3  0.   1.3  1.1 -0.1 -0.2 -0.2 -0.1  0.7  1.2  0.8 -0.1 -0.1 -0.2 -0.1 -0.2 -0.1 -0.2 -0.3 -0.3 -0.1 -0.1 -0.5 -0.2 -0.2 -0.1  1.6 -0.2  0.6  0.9  0.2 -0.5  0.5 -0.1 -0.4 -0.1  0.8 -0.2 -0.6  1.   0.7 -0.2 -0.3]
ty_50sample [[0 2 1]
 [1 2 0]
 [2 0 1]
 [1 0 2]
 [1 0 2]
 [1 0 2]
 [2 0 1]
 [1 2 0]
 [0 2 1]
 [0 1 2]]
tt_50sample [[0 2 1]
 [1 2 0]
 [2 0 1]
 [1 0 2]
 [1 0 2]
 [1 0 2]
 [2 0 1]
 [1 2 0]
 [0 2 1]
 [0 1 2]]
vm  [-0.5 -0.1  1.6  0.5 -0.6 -0.1  1.3 -0.   1.8 -0.5 -0.  -0.1  0.3 -0.2 -0.1  1.  -0.4 -0.7  1.6  2.1 -0.3  1.  -0.1  0.  -0.3 -0.   2.  -0.2  0.3 -0.2 -0.2 -0.3  1.1  1.9 -0.1 -0.2 -0.1 -1.1  0.3 -0.3  0.9  1.9 -0.5  1.2  2.2 -0.2 -0.  -0.1 -0.5  1.3  1.  -0.4 -0.1 -0.   1.4 -0.   0.4 -0.1 -0.2 -0.2 -0.3 -0.   2.5  0.7 -0.2 -0.1 -0.2 -0.   2.8  1.3  0.2 -0.1 -0.   0.9 -0.  -0.2 -0.3 -0.   0.3 -0.5 -0.1  0.9 -0.2  0.6  1.2 -0.1  1.3 -0.2  0.5  0.7  0.7  1.5 -0.5 -0.4  0.9  1.4  0.4 -0.3  0.7  1.6 -0.3  1.6 -0.2  0.2 -0.1 -0.3 -0.4 -0.1  0.8 -0.1  2.   0.  -0.3 -0.   2.5 -0.3  1.6 -0.1 -0.6  0.1  2.8 -0.1 -0.1  0.6 -0.2 -0.3 -0.4  1.5 -0.2 -0.1  0.8 -0.1 -0.  -0.1 -0.1  0.9  0.9 -0.1 -0.4  0.2 -0.1 -0.1 -0.3  0.7  0.1 -0.8 -0.6 -0.4  2.8 -0.1 -0.3  1.8  0.7 -0.3 -0.4 -0.3  1.6 -0.1 -0.3  0.  -0.1  0.  -0.1 -0.5  3.   1.5 -0.8  1.5 -0.2  0.6  1.3  1.8 -0.  -0.1  2.1 -0.1 -0.   1.2 -0.  -0.1 -0.7  1.6 -0.2 -0.5  0.5 -0.3  1.   0.6  0.4  0.4  1.  -0.  -0.2 -0.3 -0.1 -0.1  1.4 -0.2 -0.2  2.2 -0.3  0.3 -0.   0.9 -0.2  1.  -0.   1.4 -0.4  0.7 -0.1 -0.  -0.5 -0.3 -0.1  1.4  0.8 -0.1 -0.2 -0.1 -0.2 -0.3  2.7  1.9 -0.2  0.  -0.1 -0.   0.5 -0.1 -0.5 -0.3 -0.3 -0.1 -0.1 -0.6  1.1 -0.2 -0.2  1.5 -0.1  0.6  0.4  0.9 -0.3  1.3 -0.  -0.6 -0.2  0.6 -0.2 -0.   1.7 -0.1 -0.1 -0.2]
vy_50sample [[2 0 1]
 [1 2 0]
 [2 0 1]
 [2 1 0]
 [0 2 1]
 [2 0 1]
 [0 1 2]
 [0 2 1]
 [2 0 1]
 [1 2 0]]
vt_50sample [[2 0 1]
 [1 2 0]
 [2 0 1]
 [2 1 0]
 [0 2 1]
 [2 0 1]
 [0 1 2]
 [0 2 1]
 [2 0 1]
 [1 2 0]]
Epoch   710: Training cost= 0.0739, Training acc= 0.9333, Validation cost= 0.1192, Validation acc= 0.9341
Epoch   720: Training cost= 0.1158, Training acc= 0.9337, Validation cost= 0.1151, Validation acc= 0.9344
Epoch   730: Training cost= 0.1647, Training acc= 0.9339, Validation cost= 0.1380, Validation acc= 0.9345
Epoch   740: Training cost= 0.1412, Training acc= 0.9340, Validation cost= 0.1545, Validation acc= 0.9346
Epoch   750: Training cost= 0.0714, Training acc= 0.9344, Validation cost= 0.0739, Validation acc= 0.9350
Epoch   760: Training cost= 0.0597, Training acc= 0.9349, Validation cost= 0.0328, Validation acc= 0.9355
Epoch   770: Training cost= 0.0534, Training acc= 0.9353, Validation cost= 0.0653, Validation acc= 0.9360
Epoch   780: Training cost= 0.0567, Training acc= 0.9358, Validation cost= 0.0758, Validation acc= 0.9363
Epoch   790: Training cost= 0.0805, Training acc= 0.9361, Validation cost= 0.1181, Validation acc= 0.9367
Epoch   800: Training cost= 0.0566, Training acc= 0.9364, Validation cost= 0.1146, Validation acc= 0.9370
tm  [ 0.2  1.3 -0.1  0.7 -0.1  0.1 -0.2 -0.2 -0.  -0.2 -0.2 -0.1 -0.2 -0.1 -0.   0.6  0.1 -0.2  0.1  1.3 -0.2  0.2  0.6  0.9 -0.  -0.1  0.6 -0.1 -0.   0.4 -0.2 -0.1  0.2 -0.  -0.2 -0.   0.7 -0.   0.3  0.6 -0.2 -0.  -0.2 -0.1 -0.1 -0.1 -0.3 -0.1 -0.1  1.2  1.4 -0.1  0.1 -0.1 -0.  -0.1 -0.  -0.1  0.   0.4  0.2  0.1  0.6  0.   0.3 -0.1 -0.1 -0.1  1.   0.1 -0.   0.5  0.1  0.4  0.3 -0.1 -0.   0.9  0.1 -0.  -0.1  0.4 -0.  -0.   0.4  0.   0.5 -0.1 -0.2  0.7  0.5  0.7 -0.1  0.9  0.7  0.3 -0.1 -0.1 -0.3  0.6 -0.1  0.4 -0.1  0.8  0.   0.4 -0.1 -0.1 -0.1 -0.   0.7  0.1  0.  -0.1 -0.  -0.1  0.3 -0.  -0.  -0.1  0.5 -0.1 -0.1 -0.  -0.2  0.1 -0.1 -0.  -0.2 -0.1  0.2 -0.1  1.1 -0.  -0.1  0.5  1.1  0.2 -0.2  0.6 -0.  -0.  -0.2  0.7  0.  -0.1  0.3 -0.2  0.7 -0.1  0.6  0.3  0.9 -0.1 -0.1  0.2  0.3 -0.1  1.  -0.1 -0.2 -0.1  0.2  0.2 -0.1  0.5  0.3 -0.1  1.1  0.7  0.8  0.7 -0.2 -0.   0.7 -0.  -0.1  0.  -0.   0.6 -0.1  0.   0.4 -0.2 -0.1 -0.1 -0.1  0.6 -0.   0.3 -0.1 -0.1  0.6 -0.1 -0.1  1.2 -0.  -0.1 -0.1  0.4 -0.1 -0.1 -0.   0.   0.5 -0.   0.4  0.7  0.4 -0.1 -0.1 -0.1 -0.1  0.6  0.3 -0.1  0.4 -0.2 -0.  -0.1 -0.  -0.1  0.9  0.3 -0.   0.1  0.4  0.1  0.   0.2  0.6  0.6 -0.1 -0.   0.2 -0.   0.6 -0.1 -0.1 -0.  -0.  -0.   0.1 -0.1  0.9  1.  -0.1  0.  -0.  -0.2  0.7  0.9  0.1 -0.  -0.1  0.3]
ty_50sample [[1 2 0]
 [1 0 2]
 [2 0 1]
 [0 1 2]
 [1 2 0]
 [1 0 2]
 [0 2 1]
 [2 1 0]
 [0 2 1]
 [0 1 2]]
tt_50sample [[1 2 0]
 [1 0 2]
 [2 0 1]
 [0 2 1]
 [1 2 0]
 [1 0 2]
 [0 2 1]
 [2 1 0]
 [0 2 1]
 [0 1 2]]
vm  [-0.2  0.2  0.7 -0.4  0.5  1.   0.5 -0.8  1.6 -0.2 -0.2 -0.  -0.2 -0.1 -0.1 -0.3 -0.1  0.1 -0.5  3.2 -0.1  1.2 -0.1  1.  -0.2  1.   1.1 -0.1  0.2 -0.1 -0.2 -0.2  0.5  0.6 -0.1 -0.2  0.7  0.2 -0.3  2.6  0.4 -0.5  0.1  0.5 -0.6  2.4 -0.3 -0.  -0.6  0.9 -0.  -0.   0.1  0.4 -0.4 -0.   1.1 -0.   0.   0.1  0.5  1.4  1.5  0.7 -0.2 -0.1  0.3 -0.1  0.3 -0.2  1.5  2.6  0.5 -0.3 -0.  -0.1 -0.1 -0.1  0.5  0.5 -0.7 -0.3  2.5  1.3  1.4  0.   1.5 -0.1  0.3 -0.2 -0.1 -0.3 -0.1  0.3 -0.3  0.2 -0.4 -0.2  0.6  2.  -0.2  0.2 -0.3  0.1 -0.1 -0.2 -0.8 -0.1  0.4  1.7  1.8 -0.2  0.8 -0.1  1.5 -0.2  1.6 -0.1 -0.3 -0.1  0.9 -0.  -0.1 -0.5 -0.5  2.  -0.3 -0.4 -0.2 -0.1 -0.  -0.1  0.5  0.2 -0.  -0.4 -0.4 -0.  -0.2  0.7 -0.1 -0.1 -0.3  0.9 -0.  -0.4  0.1 -0.1  1.  -0.1  2.8  1.  -0.3 -0.5 -0.2  0.3 -0.3 -0.3  0.3 -0.3  0.6  2.3  0.1  0.7  1.2  0.3 -0.1 -0.3  2.4  0.   2.1  1.9 -0.4 -0.1  1.2  1.5  0.3 -0.3  1.6  1.8 -0.7 -0.4  0.3 -0.2  0.6  0.9 -0.3  0.9 -0.   0.3  0.6 -0.   2.   1.2 -0.2  0.  -0.5 -0.5 -0.2  1.9 -0.2  1.  -0.1  1.1  1.9 -0.4 -0.  -0.4 -0.1  0.8 -0.1 -0.1 -0.4  2.2 -0.  -0.1  1.7 -0.1 -0.1 -0.3 -0.   0.4  2.3  0.1  0.5 -0.3  1.4 -0.  -0.  -0.4  0.9  2.2  0.5  0.1  0.2 -0.4 -0.4 -0.3 -0.1 -0.5 -0.  -0.2  0.8  0.1  3.2  2.   0.2  0.4  0.   0.2  2.1 -0.  -0.4 -0.1 -0.1 -0.2]
vy_50sample [[0 1 2]
 [2 1 0]
 [2 0 1]
 [0 2 1]
 [1 0 2]
 [0 1 2]
 [0 2 1]
 [0 1 2]
 [1 2 0]
 [2 1 0]]
vt_50sample [[0 1 2]
 [2 0 1]
 [2 0 1]
 [0 2 1]
 [1 0 2]
 [0 2 1]
 [0 2 1]
 [0 1 2]
 [1 2 0]
 [2 1 0]]
Epoch   810: Training cost= 0.0531, Training acc= 0.9368, Validation cost= 0.0449, Validation acc= 0.9374
Epoch   820: Training cost= 0.0860, Training acc= 0.9372, Validation cost= 0.0928, Validation acc= 0.9377
Epoch   830: Training cost= 0.1082, Training acc= 0.9374, Validation cost= 0.0829, Validation acc= 0.9380
Epoch   840: Training cost= 0.0593, Training acc= 0.9378, Validation cost= 0.1261, Validation acc= 0.9382
Epoch   850: Training cost= 0.0577, Training acc= 0.9379, Validation cost= 0.1951, Validation acc= 0.9383
Epoch   860: Training cost= 0.0930, Training acc= 0.9381, Validation cost= 0.1383, Validation acc= 0.9383
Epoch   870: Training cost= 0.1224, Training acc= 0.9383, Validation cost= 0.0797, Validation acc= 0.9386
Epoch   880: Training cost= 0.1002, Training acc= 0.9386, Validation cost= 0.1524, Validation acc= 0.9387
Epoch   890: Training cost= 0.1341, Training acc= 0.9389, Validation cost= 0.1190, Validation acc= 0.9390
Epoch   900: Training cost= 0.0994, Training acc= 0.9392, Validation cost= 0.0709, Validation acc= 0.9393
tm  [-0.5 -0.5  1.7 -0.4 -0.3  0.2  2.  -0.4  2.  -0.4  0.1 -0.1  0.2 -0.2 -0.  -0.2 -0.1 -0.3  0.2  3.1 -0.2  0.9 -0.2  0.4 -0.2  0.4  1.8 -0.1  0.1 -0.2 -0.2 -0.3  1.2  1.5 -0.1 -0.2  0.4 -0.6 -0.3  0.4  1.7  0.3 -0.1  1.6  0.3  1.5 -0.  -0.1 -0.6  0.6 -0.3 -0.2 -0.1  0.1  0.2 -0.1  0.9 -0.1 -0.1 -0.  -0.1  1.   2.4  0.4 -0.2 -0.2 -0.  -0.1  1.7  0.3  0.8  1.2  0.  -0.2 -0.1 -0.1 -0.4 -0.2  0.6 -0.2 -0.5 -0.2  1.9  1.4  2.2 -0.1  1.7 -0.1  1.2 -0.2  0.  -0.1 -0.2 -0.5 -0.2  0.2  0.2 -0.3  2.   2.2 -0.2  1.2 -0.3 -0.2 -0.1 -0.2 -0.7 -0.2  1.   1.3  2.  -0.2  0.3 -0.1  2.7 -0.2  1.7 -0.1 -0.5 -0.1  2.  -0.  -0.1 -0.2 -0.3  0.3 -0.3  0.1 -0.2 -0.1  0.5 -0.2 -0.1 -0.1 -0.1 -0.3 -0.3 -0.2 -0.4  0.4 -0.1 -0.1 -0.4  0.3 -0.  -1.  -0.5 -0.3  2.1 -0.1  0.3  1.7 -0.2 -0.6 -0.3 -0.2  0.8 -0.2 -0.3 -0.2  0.7  2.   0.1 -0.5  3.1  1.  -0.7  0.4  0.5 -0.1  1.8  2.1 -0.2 -0.1  1.9  0.9  0.4  0.3  1.2  0.9 -0.8  0.4 -0.3 -0.3  0.9 -0.  -0.1  0.7 -0.   0.3  1.  -0.1  0.4 -0.1 -0.2 -0.6  0.2 -0.4 -0.2  2.5 -0.2  1.3 -0.1  0.9  0.3  0.2  0.1 -0.1 -0.3  1.4 -0.1 -0.1 -0.5  0.3 -0.   0.8  1.5 -0.1 -0.1 -0.3 -0.1  0.   2.6  0.7 -0.  -0.2  0.4 -0.  -0.  -0.4 -0.2  0.6 -0.1 -0.  -0.1 -0.6 -0.3 -0.2 -0.1  0.1 -0.1 -0.   1.1  0.5  0.7  1.9 -0.1 -0.3 -0.1  0.6  0.6 -0.4  0.2 -0.  -0.2 -0.2]
ty_50sample [[0 1 2]
 [0 2 1]
 [2 0 1]
 [2 0 1]
 [1 0 2]
 [2 0 1]
 [1 0 2]
 [0 1 2]
 [2 1 0]
 [2 0 1]]
tt_50sample [[0 1 2]
 [0 2 1]
 [2 0 1]
 [2 0 1]
 [1 0 2]
 [2 0 1]
 [1 0 2]
 [0 1 2]
 [2 1 0]
 [2 0 1]]
vm  [-0.4  0.2  1.5  1.3 -0.7 -0.2  0.7  0.3  1.3 -0.5 -0.2 -0.1  0.2 -0.2 -0.1  1.4 -0.3 -0.8  1.8  2.2 -0.4  0.6  0.2 -0.  -0.2 -0.2  2.3 -0.2  0.3 -0.1 -0.1 -0.3  1.1  1.8 -0.1 -0.  -0.  -1.1  0.7 -0.4  0.3  2.3 -0.5  0.7  2.5 -0.4 -0.2 -0.1 -0.3  1.5  1.6 -0.4 -0.1 -0.1  1.6  0.2 -0.   0.2 -0.2 -0.1 -0.4 -0.3  2.6  0.2 -0.1 -0.2 -0.3 -0.2  3.1  1.4 -0.2 -0.1 -0.2  1.1 -0.  -0.2 -0.3  0.4 -0.1 -0.5 -0.   1.4 -0.3  0.1  1.4 -0.2  1.3 -0.3 -0.1  1.   0.3  2.  -0.5 -0.3  1.4  1.4  0.6 -0.2 -0.1  1.5 -0.2  1.6 -0.2  0.4 -0.1 -0.1 -0.2 -0.1  0.3 -0.3  2.   0.2 -0.5 -0.1  2.2 -0.2  1.4 -0.1 -0.4 -0.   2.9 -0.2 -0.1  0.7 -0.1 -0.4 -0.4  2.  -0.1 -0.1  1.  -0.1  0.5 -0.1 -0.1  1.4  2.  -0.1 -0.4  0.3 -0.1 -0.1 -0.3  0.6 -0.1 -0.8 -0.5 -0.5  2.8 -0.  -0.5  1.5  1.6 -0.2 -0.4 -0.3  1.9  0.2  0.1 -0.1 -0.4 -0.2  0.  -0.6  2.7  1.8 -0.7  1.4 -0.2  0.8  1.4  1.6 -0.  -0.1  2.1 -0.2 -0.2  1.3 -0.3 -0.1 -0.6  1.9 -0.3 -0.5  0.1 -0.3  1.   0.3  0.  -0.   0.9 -0.1 -0.3 -0.5 -0.2  0.1  1.8 -0.1 -0.2  1.9 -0.2  0.1  0.   0.4 -0.3  1.4 -0.   1.7 -0.3  0.7 -0.1  0.2 -0.3 -0.4 -0.1  1.4  0.3 -0.  -0.1 -0.1 -0.2 -0.5  3.   1.9 -0.3  0.4 -0.3 -0.   0.3 -0.  -0.5 -0.3 -0.3 -0.  -0.1 -0.4  1.5 -0.2 -0.2  1.8 -0.   0.5  0.3  0.9 -0.4  1.6 -0.1 -0.6 -0.2  0.5 -0.3  0.4  2.  -0.1 -0.1 -0.1]
vy_50sample [[2 0 1]
 [1 2 0]
 [1 0 2]
 [1 0 2]
 [1 2 0]
 [0 1 2]
 [2 1 0]
 [1 2 0]
 [0 2 1]
 [2 1 0]]
vt_50sample [[2 1 0]
 [1 2 0]
 [1 0 2]
 [1 0 2]
 [1 2 0]
 [0 1 2]
 [2 1 0]
 [1 2 0]
 [0 2 1]
 [2 1 0]]
Epoch   910: Training cost= 0.0778, Training acc= 0.9395, Validation cost= 0.0791, Validation acc= 0.9396
Epoch   920: Training cost= 0.0880, Training acc= 0.9397, Validation cost= 0.0799, Validation acc= 0.9398
Epoch   930: Training cost= 0.0971, Training acc= 0.9400, Validation cost= 0.0831, Validation acc= 0.9401
Epoch   940: Training cost= 0.0819, Training acc= 0.9404, Validation cost= 0.0578, Validation acc= 0.9405
Epoch   950: Training cost= 0.0803, Training acc= 0.9407, Validation cost= 0.0636, Validation acc= 0.9407
Epoch   960: Training cost= 0.1223, Training acc= 0.9409, Validation cost= 0.1026, Validation acc= 0.9410
Epoch   970: Training cost= 0.0518, Training acc= 0.9412, Validation cost= 0.0987, Validation acc= 0.9413
Epoch   980: Training cost= 0.0624, Training acc= 0.9413, Validation cost= 0.0693, Validation acc= 0.9415
Epoch   990: Training cost= 0.0564, Training acc= 0.9415, Validation cost= 0.1103, Validation acc= 0.9417
Epoch  1000: Training cost= 0.0793, Training acc= 0.9417, Validation cost= 0.1064, Validation acc= 0.9419
tm  [-0.3  0.9  0.8 -0.2 -0.1  1.1  0.1 -0.6  1.5 -0.2 -0.4 -0.1 -0.2 -0.1 -0.1 -0.1 -0.2 -0.2 -0.4  3.3 -0.2  1.2 -0.   0.5 -0.2  0.8  1.6 -0.1  0.5 -0.1 -0.2 -0.3  0.3  1.  -0.1 -0.2  0.6 -0.1 -0.2  2.4 -0.2 -0.5 -0.1 -0.1 -0.6  1.4 -0.3 -0.  -0.7  1.4  1.3 -0.  -0.   0.5 -0.3 -0.   1.  -0.1 -0.  -0.  -0.   0.4  1.6  0.4 -0.2 -0.1  0.  -0.1  1.1 -0.2  0.9  2.6 -0.1 -0.2 -0.1 -0.1 -0.1 -0.   0.5 -0.1 -0.5 -0.1  1.5  1.   0.9 -0.   1.6 -0.1 -0.2 -0.1 -0.1 -0.1 -0.2  0.7 -0.1  0.8 -0.5 -0.3 -0.2  2.  -0.2  0.4 -0.3  0.7 -0.1 -0.2 -0.8 -0.1 -0.   1.   2.2 -0.2  0.1 -0.1  1.6 -0.3  2.  -0.1 -0.3 -0.   1.7 -0.1 -0.1 -0.3 -0.5  1.6 -0.3 -0.4 -0.1 -0.1 -0.1 -0.1  1.2 -0.  -0.1 -0.2 -0.2  0.1 -0.3  0.8 -0.1 -0.  -0.3  1.3 -0.1 -0.5 -0.  -0.2  1.5 -0.1  2.8  1.  -0.1 -0.6 -0.2  0.5 -0.4 -0.2  0.9 -0.2 -0.1  1.3 -0.   0.4  1.3  0.9 -0.1 -0.3  2.4  0.2  2.   2.1 -0.2 -0.   1.4  0.9 -0.1 -0.2  1.   1.8 -0.8 -0.3  0.6 -0.2  0.6  0.2 -0.3  0.6  0.   0.5  0.7 -0.1  2.1  0.6 -0.2  0.9 -0.4 -0.5 -0.2  2.1 -0.1  0.8 -0.1  1.   1.7 -0.4 -0.  -0.1 -0.1  0.4 -0.1 -0.1 -0.5  2.2 -0.   0.1  1.6 -0.1 -0.1 -0.3 -0.  -0.1  2.9  0.5  0.1 -0.2  1.6  0.1  0.3 -0.3  0.6  2.2  0.1 -0.  -0.  -0.4 -0.1 -0.3 -0.1 -0.4 -0.1 -0.2  1.   0.5  2.9  2.7  0.   0.2 -0.1  0.2  1.9  0.7 -0.3 -0.3 -0.2 -0.2]
ty_50sample [[1 0 2]
 [1 1 0]
 [1 2 0]
 [0 1 2]
 [0 2 1]
 [1 2 0]
 [2 1 0]
 [1 2 0]
 [1 2 0]
 [0 2 1]]
tt_50sample [[1 0 2]
 [2 1 0]
 [1 2 0]
 [0 1 2]
 [0 2 1]
 [1 2 0]
 [2 1 0]
 [1 2 0]
 [1 2 0]
 [0 2 1]]
vm  [-0.4 -0.5  1.6  0.1 -0.4 -0.1  1.9 -0.1  1.2 -0.4  0.6 -0.   0.5 -0.1 -0.1 -0.  -0.1 -0.4  1.6  1.9 -0.2  0.1 -0.1  0.2 -0.1 -0.2  1.6 -0.  -0.1 -0.1 -0.1 -0.1  1.3  1.1 -0.1 -0.   0.3 -0.8 -0.1 -0.5  1.8  2.2 -0.2  1.9  2.3  0.4  0.3 -0.1 -0.1  0.7 -0.3 -0.2 -0.1 -0.1  1.6 -0.   0.3 -0.2 -0.1 -0.  -0.2  0.5  2.3  0.2 -0.2 -0.1 -0.2 -0.1  1.9  1.2  0.  -0.1  0.1  0.2 -0.  -0.1 -0.3 -0.   0.7 -0.3 -0.   0.2  0.5  0.5  1.9  0.1  1.3 -0.1  1.3  0.1  0.3  1.1 -0.2 -0.6  0.2  0.3  1.3 -0.1  2.2  1.7 -0.1  1.4 -0.2 -0.3 -0.  -0.1 -0.3 -0.1  0.9  0.4  1.6 -0.  -0.  -0.2  2.6 -0.1  0.9 -0.1 -0.4 -0.1  1.8 -0.  -0.2  0.4 -0.1 -0.3 -0.2  1.8 -0.1 -0.1  0.8 -0.2 -0.1 -0.1 -0.  -0.   0.2 -0.1 -0.3  0.  -0.1 -0.1 -0.3 -0.   0.  -0.9 -0.5 -0.4  1.7 -0.1 -0.5  1.4  0.2 -0.4 -0.2 -0.4  1.8 -0.2 -0.3 -0.1  0.5  0.8 -0.1 -0.7  2.9  1.  -0.8  1.5 -0.3  0.   1.   1.2 -0.1 -0.1  1.6  0.5  0.   1.1  0.1 -0.1 -0.5  1.6 -0.5 -0.3  0.3 -0.2  0.1  0.3 -0.   0.2  0.4 -0.1 -0.3 -0.3 -0.2 -0.6  1.6 -0.1 -0.   1.7 -0.2  0.4 -0.   0.3 -0.3  1.3 -0.   0.4 -0.1  0.8 -0.  -0.1 -0.4 -0.4 -0.1  1.   0.6 -0.1 -0.1 -0.2 -0.1 -0.1  1.8  1.  -0.2  0.3 -0.2 -0.  -0.1 -0.  -0.4 -0.3 -0.2 -0.1 -0.1 -0.3  0.1 -0.1 -0.1  1.8 -0.1  0.6  0.5  0.4 -0.5  1.3 -0.1 -0.5 -0.1  0.4 -0.3 -0.4  1.3 -0.  -0.2 -0.1]
vy_50sample [[0 2 1]
 [2 0 1]
 [0 2 1]
 [0 2 1]
 [1 2 0]
 [1 2 0]
 [2 1 0]
 [0 2 1]
 [1 0 2]
 [1 0 2]]
vt_50sample [[0 2 1]
 [2 0 1]
 [0 2 1]
 [0 2 1]
 [1 2 0]
 [1 2 0]
 [2 1 0]
 [0 2 1]
 [1 0 2]
 [1 0 2]]
Epoch  1010: Training cost= 0.0821, Training acc= 0.9419, Validation cost= 0.0767, Validation acc= 0.9423
Epoch  1020: Training cost= 0.0747, Training acc= 0.9422, Validation cost= 0.1522, Validation acc= 0.9424
Epoch  1030: Training cost= 0.1273, Training acc= 0.9423, Validation cost= 0.1402, Validation acc= 0.9425
Epoch  1040: Training cost= 0.0695, Training acc= 0.9425, Validation cost= 0.0827, Validation acc= 0.9426
Epoch  1050: Training cost= 0.1785, Training acc= 0.9426, Validation cost= 0.0677, Validation acc= 0.9428
Epoch  1060: Training cost= 0.0395, Training acc= 0.9427, Validation cost= 0.0661, Validation acc= 0.9430
Epoch  1070: Training cost= 0.0577, Training acc= 0.9430, Validation cost= 0.0970, Validation acc= 0.9432
Epoch  1080: Training cost= 0.0651, Training acc= 0.9432, Validation cost= 0.0584, Validation acc= 0.9434
Epoch  1090: Training cost= 0.0683, Training acc= 0.9434, Validation cost= 0.0950, Validation acc= 0.9436
Epoch  1100: Training cost= 0.0931, Training acc= 0.9437, Validation cost= 0.0736, Validation acc= 0.9438
tm  [-0.5 -0.1  1.8  1.1 -0.9 -0.2  1.1  0.4  1.3 -0.5  0.1 -0.1  0.4 -0.2 -0.   1.4 -0.3 -0.8  2.   1.8 -0.3  0.2  0.2  0.2 -0.4 -0.2  2.5 -0.   0.2 -0.2 -0.1 -0.3  0.9  2.3 -0.1 -0.2  0.2 -1.3 -0.  -0.5  0.4  2.5 -0.5  0.6  2.9 -0.3  0.  -0.1 -0.3  1.2  1.4 -0.4 -0.1 -0.1  1.7 -0.  -0.  -0.1 -0.4 -0.2 -0.4 -0.3  2.2  0.3 -0.1 -0.1 -0.2 -0.2  3.4  1.7 -0.3 -0.2 -0.2  1.3 -0.1 -0.2 -0.3 -0.   0.3 -0.6  0.3  1.2 -0.3  0.6  1.7 -0.   1.  -0.2 -0.1  0.9  0.5  1.9 -0.6 -0.6  1.4  1.6  0.9 -0.2  0.8  1.7 -0.1  1.7 -0.2  0.2 -0.1 -0.1 -0.2 -0.1  0.2 -0.3  2.4 -0.  -0.4 -0.1  2.7 -0.3  1.8 -0.1 -0.5 -0.1  2.8 -0.1 -0.1  1.1 -0.1 -0.4 -0.4  2.1 -0.1 -0.   0.7 -0.1  0.3 -0.2 -0.   1.5  1.6 -0.2 -0.3  0.1 -0.1  0.2 -0.2  0.8 -0.1 -1.  -0.6 -0.6  2.8 -0.1 -0.7  1.7  1.6 -0.4 -0.4 -0.3  1.7 -0.  -0.3 -0.1 -0.3 -0.2  0.  -0.6  3.2  1.9 -0.8  1.7 -0.4  0.7  1.6  1.2 -0.  -0.2  2.6 -0.2 -0.2  1.2 -0.2 -0.3 -0.7  2.1 -0.4 -0.5  0.4 -0.3  0.4 -0.  -0.   0.1  0.8 -0.  -0.4 -0.4 -0.  -0.2  1.7 -0.2 -0.2  2.6 -0.3 -0.   0.1  0.3 -0.3  1.3  0.1  1.6 -0.2  0.5 -0.1 -0.  -0.4 -0.4 -0.1  1.5  0.7 -0.1 -0.  -0.  -0.  -0.5  3.   1.6 -0.3  0.6 -0.3  0.4  0.4 -0.  -0.7 -0.5 -0.5 -0.1 -0.1 -0.4  1.5 -0.1 -0.2  1.8 -0.   1.2 -0.1  0.7 -0.7  1.7 -0.2 -0.5 -0.2  0.8 -0.4 -0.   2.2 -0.2 -0.1 -0.1]
ty_50sample [[2 0 1]
 [2 1 0]
 [0 1 2]
 [0 2 1]
 [1 2 0]
 [1 0 2]
 [2 1 0]
 [2 1 0]
 [2 0 1]
 [2 1 0]]
tt_50sample [[2 0 1]
 [2 1 0]
 [0 1 2]
 [0 2 1]
 [1 2 0]
 [1 0 2]
 [2 1 0]
 [2 1 0]
 [2 0 1]
 [2 1 0]]
vm  [-0.3 -0.4  1.  -0.2 -0.3 -0.1  1.5 -0.2  1.2 -0.3  0.5 -0.1  0.4 -0.2 -0.  -0.  -0.1 -0.3  1.   2.  -0.2 -0.  -0.1  0.7 -0.1 -0.2  1.2 -0.1 -0.1 -0.1 -0.1 -0.1  1.1  0.5 -0.1 -0.   0.5 -0.5 -0.2 -0.3  1.8  1.6 -0.2  1.8  1.6  0.8 -0.1 -0.1 -0.2  0.5 -0.3 -0.2  0.2 -0.1  0.9 -0.  -0.1 -0.1 -0.1  0.2 -0.   0.8  2.  -0.  -0.1 -0.1 -0.2 -0.1  1.4  0.7 -0.1 -0.1  0.4 -0.1 -0.  -0.1 -0.2 -0.1  0.3 -0.2 -0.1 -0.   0.9  0.6  1.8 -0.   1.  -0.1  1.1 -0.   0.3  0.7 -0.1 -0.6 -0.1  0.   0.9 -0.   2.2  1.5 -0.2  1.  -0.2 -0.3 -0.  -0.  -0.2 -0.2  0.9  0.7  1.2 -0.1  0.4 -0.1  1.8 -0.1  0.4 -0.  -0.3 -0.   1.1 -0.  -0.2 -0.1 -0.  -0.2 -0.1  1.3 -0.1 -0.1  0.8 -0.2  0.1 -0.1 -0.  -0.1 -0.  -0.1 -0.2 -0.1 -0.1 -0.1 -0.3  0.   0.1 -0.8 -0.3 -0.2  1.3 -0.1 -0.3  1.1 -0.1 -0.4 -0.1 -0.5  1.5 -0.2 -0.5 -0.   0.7  1.1  0.  -0.6  2.1  0.7 -0.5  1.1 -0.2  0.3  0.9  1.1 -0.2 -0.   1.3  0.6  0.1  0.6  0.2 -0.1 -0.4  1.1 -0.4 -0.3  0.1 -0.1 -0.   0.4 -0.1 -0.   0.1 -0.1 -0.2 -0.2 -0.2 -0.6  1.  -0.1 -0.1  1.4 -0.2  0.  -0.1  0.1 -0.1  1.  -0.1 -0.   0.   1.  -0.1 -0.  -0.3 -0.2  0.1  0.6  0.5 -0.1 -0.1 -0.2 -0.1 -0.   1.2  0.6 -0.1 -0.  -0.2  0.  -0.2 -0.1 -0.2 -0.2 -0.2 -0.  -0.1 -0.2 -0.1 -0.1 -0.1  1.2 -0.1  0.3  0.3  0.1 -0.3  0.8 -0.1 -0.3 -0.1  0.4 -0.1 -0.4  0.7  0.3 -0.1 -0.1]
vy_50sample [[0 2 1]
 [0 1 2]
 [0 2 1]
 [0 1 2]
 [1 0 2]
 [1 0 2]
 [0 1 2]
 [0 1 2]
 [2 0 1]
 [1 2 0]]
vt_50sample [[0 2 1]
 [0 1 2]
 [0 2 1]
 [0 1 2]
 [1 0 2]
 [1 0 2]
 [0 1 2]
 [0 1 2]
 [2 0 1]
 [1 2 0]]
Epoch  1110: Training cost= 0.1047, Training acc= 0.9438, Validation cost= 0.1308, Validation acc= 0.9440
Epoch  1120: Training cost= 0.0655, Training acc= 0.9440, Validation cost= 0.0534, Validation acc= 0.9441
Epoch  1130: Training cost= 0.0988, Training acc= 0.9442, Validation cost= 0.1207, Validation acc= 0.9442
Epoch  1140: Training cost= 0.1636, Training acc= 0.9443, Validation cost= 0.0806, Validation acc= 0.9444
Epoch  1150: Training cost= 0.1730, Training acc= 0.9444, Validation cost= 0.1034, Validation acc= 0.9445
Epoch  1160: Training cost= 0.0827, Training acc= 0.9445, Validation cost= 0.0730, Validation acc= 0.9445
Epoch  1170: Training cost= 0.0562, Training acc= 0.9447, Validation cost= 0.0907, Validation acc= 0.9447
Epoch  1180: Training cost= 0.0954, Training acc= 0.9449, Validation cost= 0.0815, Validation acc= 0.9449
Epoch  1190: Training cost= 0.1021, Training acc= 0.9451, Validation cost= 0.0500, Validation acc= 0.9451
Epoch  1200: Training cost= 0.1075, Training acc= 0.9452, Validation cost= 0.0909, Validation acc= 0.9452
tm  [-0.3  1.7  1.5  0.3 -0.4  1.3 -0.3 -0.6  2.  -0.2 -0.7 -0.2 -0.2  0.5 -0.2  0.6 -0.2 -0.5 -0.5  4.2 -0.3  1.2  0.6  0.  -0.3  0.5  3.  -0.1  1.2  0.3 -0.2 -0.4 -0.1  1.6 -0.3 -0.2 -0.  -0.4 -0.1  3.1 -0.8 -0.7 -0.4 -0.6 -0.9  0.1 -0.5 -0.2 -1.   2.4  3.  -0.1 -0.1  1.2 -0.5 -0.   1.1 -0.1 -0.2 -0.1 -0.3 -0.3  2.2  0.3 -0.3 -0.1 -0.   0.   2.3 -0.4  0.1  3.9 -0.5 -0.2 -0.1 -0.1 -0.1  0.5  0.5 -0.3 -0.5  0.5  0.2  0.4  0.5 -0.1  1.7 -0.1 -0.7  0.2 -0.2  0.1 -0.3  1.6 -0.   1.5 -1.  -0.4 -0.8  2.6 -0.2  0.2 -0.3  1.5 -0.1 -0.5 -1.  -0.1 -0.2 -0.   3.4 -0.3 -0.3 -0.1  2.4 -0.2  2.9 -0.1 -0.4 -0.1  3.2 -0.2 -0.1 -0.4 -0.5  0.5 -0.5 -0.6 -0.2 -0.3 -0.3 -0.2  2.7 -0.1 -0.4  0.3  0.3  0.1 -0.4  0.8 -0.  -0.1 -0.5  1.2 -0.2 -0.9 -0.2 -0.3  2.  -0.2  3.7  1.4  0.2 -0.8 -0.3  1.  -0.6 -0.2  1.4 -0.  -0.6  0.3 -0.   0.4  1.7  1.8 -0.1 -0.5  3.1  0.2  2.4  2.7 -0.2 -0.   1.7  0.  -0.4 -0.4  0.2  2.3 -1.  -0.5  1.4 -0.3  0.7 -0.2 -0.4 -0.1 -0.  -0.   1.4 -0.1  2.6 -0.1 -0.1  2.1 -0.6 -0.6 -0.3  2.9 -0.1  1.1 -0.1  1.4  2.  -0.5 -0.   0.3 -0.1  0.3 -0.1 -0.1 -0.6  2.3 -0.1  0.8  1.7 -0.1 -0.2 -0.3 -0.1 -0.4  4.6  0.9 -0.2 -0.3  1.9 -0.   0.3 -0.1  0.   2.8 -0.1 -0.1 -0.2 -0.5  0.4 -0.4 -0.1 -0.5 -0.1 -0.3  1.8  1.5  3.7  3.9 -0.1 -0.3 -0.1 -0.1  2.5  1.8 -0.3 -0.5 -0.2 -0.3]
ty_50sample [[1 0 2]
 [2 1 0]
 [1 2 0]
 [0 1 2]
 [0 2 1]
 [0 1 2]
 [0 1 2]
 [0 1 2]
 [2 1 0]
 [1 0 2]]
tt_50sample [[1 2 0]
 [2 1 0]
 [1 2 0]
 [0 1 2]
 [0 2 1]
 [0 1 2]
 [0 1 2]
 [0 1 2]
 [2 1 0]
 [1 2 0]]
vm  [-0.4 -0.2  1.2 -0.3 -0.3  0.5  1.  -0.5  2.1 -0.3 -0.1 -0.  -0.  -0.1 -0.  -0.2 -0.2 -0.3 -0.1  3.2 -0.2  0.7 -0.1  0.6 -0.2  0.4  1.9 -0.   0.1 -0.1 -0.1 -0.2  0.6  1.1 -0.2 -0.2  0.4 -0.4 -0.3  1.   1.  -0.1 -0.2  1.  -0.2  1.4 -0.2 -0.1 -0.6  1.  -0.1 -0.2 -0.   0.2 -0.1 -0.1  0.6 -0.  -0.1 -0.  -0.1  0.7  2.3  0.  -0.2 -0.1 -0.1 -0.1  1.5 -0.   0.4  1.8  0.3 -0.2  0.1 -0.1 -0.2 -0.3  0.6 -0.1 -0.5 -0.2  1.6  1.   1.8 -0.   1.5 -0.1  0.4 -0.1 -0.1 -0.1 -0.2 -0.3 -0.2  0.3 -0.2 -0.2  1.3  2.2 -0.2  0.8 -0.3 -0.  -0.  -0.1 -0.7 -0.1  0.6  1.1  2.1 -0.2  0.4 -0.1  2.3 -0.2  1.7 -0.1 -0.4  0.   2.   0.  -0.1 -0.3 -0.3  0.7 -0.3 -0.1 -0.2 -0.1  0.2 -0.1  0.6 -0.  -0.  -0.3 -0.2 -0.1 -0.3  0.2 -0.  -0.1 -0.3  0.9 -0.  -0.9 -0.2 -0.3  1.9 -0.1  1.1  1.4 -0.2 -0.6 -0.2 -0.2  0.1 -0.2 -0.3 -0.1  0.2  1.6 -0.  -0.3  2.5  1.  -0.4 -0.1  1.1  0.1  1.8  2.1 -0.3 -0.   1.7  0.6  0.  -0.   0.9  1.1 -0.7 -0.  -0.1 -0.3  0.6 -0.1 -0.3  0.4 -0.   0.   0.6 -0.1  0.8 -0.1 -0.2 -0.2 -0.2 -0.5 -0.1  2.4 -0.2  0.8 -0.1  0.6  0.8 -0.1 -0.1 -0.1 -0.1  1.  -0.2 -0.  -0.5  0.9  0.   0.6  1.3 -0.1 -0.1 -0.3 -0.1 -0.   2.7  0.6 -0.1 -0.1  0.5 -0.  -0.1 -0.3 -0.1  1.  -0.2 -0.  -0.1 -0.5 -0.2 -0.2 -0.1 -0.1 -0.  -0.1  0.7  0.4  1.3  2.2 -0.  -0.3 -0.1  0.5  0.8 -0.2 -0.1 -0.1 -0.1 -0.2]
vy_50sample [[0 1 2]
 [0 1 2]
 [2 1 0]
 [1 2 0]
 [0 2 1]
 [0 1 2]
 [2 1 0]
 [1 2 0]
 [2 1 0]
 [2 0 1]]
vt_50sample [[0 1 2]
 [0 1 2]
 [2 1 0]
 [1 2 0]
 [0 2 1]
 [0 1 2]
 [2 1 0]
 [1 2 0]
 [2 1 0]
 [2 0 1]]
Epoch  1210: Training cost= 0.0727, Training acc= 0.9453, Validation cost= 0.0439, Validation acc= 0.9454
Epoch  1220: Training cost= 0.0769, Training acc= 0.9454, Validation cost= 0.0534, Validation acc= 0.9455
Epoch  1230: Training cost= 0.0466, Training acc= 0.9456, Validation cost= 0.0495, Validation acc= 0.9458
Epoch  1240: Training cost= 0.0672, Training acc= 0.9458, Validation cost= 0.0887, Validation acc= 0.9460
Epoch  1250: Training cost= 0.0887, Training acc= 0.9460, Validation cost= 0.0910, Validation acc= 0.9461
Epoch  1260: Training cost= 0.1146, Training acc= 0.9461, Validation cost= 0.0630, Validation acc= 0.9462
Epoch  1270: Training cost= 0.0600, Training acc= 0.9462, Validation cost= 0.1435, Validation acc= 0.9464
Epoch  1280: Training cost= 0.0734, Training acc= 0.9464, Validation cost= 0.1147, Validation acc= 0.9465
Epoch  1290: Training cost= 0.1021, Training acc= 0.9464, Validation cost= 0.0550, Validation acc= 0.9466
Epoch  1300: Training cost= 0.0699, Training acc= 0.9466, Validation cost= 0.0675, Validation acc= 0.9467
tm  [-0.2  1.   0.7  1.  -0.5 -0.  -0.  -0.1  0.7 -0.3 -0.2 -0.1 -0.1 -0.1 -0.1  1.4 -0.2 -0.5  0.5  1.8 -0.3  0.3  0.4 -0.  -0.1 -0.1  1.9 -0.1  0.4 -0.  -0.1 -0.2  0.3  1.1 -0.1 -0.   0.3 -0.6  0.2 -0.  -0.3  0.9 -0.3 -0.1  1.1 -0.2 -0.3 -0.  -0.3  1.3  1.8 -0.2  0.  -0.   0.6 -0.  -0.  -0.1 -0.2 -0.1 -0.1 -0.1  1.5 -0.1 -0.1 -0.  -0.2 -0.1  2.1  0.8 -0.1  0.5 -0.1  0.7 -0.  -0.1 -0.1  0.3 -0.  -0.3 -0.   0.7 -0.3 -0.   0.6 -0.   0.9 -0.1 -0.2  0.7 -0.1  1.3 -0.3  0.1  1.2  0.9 -0.2 -0.1 -0.2  1.3 -0.1  0.8 -0.1  1.1 -0.  -0.1 -0.3 -0.1 -0.1 -0.2  1.7 -0.1 -0.2 -0.1  1.5 -0.2  1.2 -0.  -0.2 -0.   1.9 -0.1 -0.1 -0.1 -0.1 -0.2 -0.1  0.7 -0.1 -0.1  0.  -0.1  1.2 -0.1 -0.1  0.9  1.4 -0.  -0.2  0.3 -0.1 -0.  -0.2  0.9 -0.1 -0.5 -0.3 -0.3  1.6 -0.1 -0.   0.9  1.2 -0.3 -0.2 -0.2  0.5 -0.   0.4 -0.1 -0.3 -0.2 -0.  -0.2  1.4  1.4 -0.3  0.5  0.3  0.7  1.3  1.3 -0.  -0.   1.5 -0.1 -0.2  0.5 -0.1  0.2 -0.4  0.8  0.1 -0.3 -0.  -0.1  0.1 -0.1 -0.   0.2  0.4 -0.1  0.  -0.2 -0.1  1.1  0.5 -0.2 -0.1  1.6 -0.2 -0.1 -0.   0.3 -0.   0.4 -0.   1.1 -0.  -0.  -0.1 -0.1 -0.3  0.  -0.   0.6  0.3 -0.  -0.  -0.  -0.  -0.3  2.3  0.9 -0.1  0.1 -0.  -0.   0.1  0.1 -0.2 -0.  -0.3 -0.1 -0.  -0.2  1.3 -0.1 -0.   0.5 -0.   0.2  0.1  0.5 -0.   1.8 -0.1 -0.3 -0.1 -0.   0.1  0.9  0.8 -0.1 -0.1 -0.1]
ty_50sample [[2 1 0]
 [0 1 2]
 [1 2 0]
 [1 0 2]
 [1 2 0]
 [0 1 2]
 [0 1 2]
 [1 0 2]
 [1 2 0]
 [1 2 0]]
tt_50sample [[2 1 0]
 [0 1 2]
 [1 2 0]
 [1 0 2]
 [1 2 0]
 [0 1 2]
 [0 1 2]
 [1 0 2]
 [1 2 0]
 [1 2 0]]
vm  [-0.   0.8  0.3  2.5 -0.6 -0.3 -0.1  1.4 -0.1 -0.3  0.  -0.1  0.1 -0.2 -0.1  2.4 -0.2 -0.6  2.3 -0.  -0.3 -0.2  0.9  0.1  0.  -0.3  1.4 -0.1  0.3  0.  -0.1 -0.1  0.5  0.9 -0.1  0.3  0.2 -0.8  1.  -0.8 -0.2  3.5 -0.4  0.   3.9 -0.8 -0.2  0.1  0.7  1.1  1.8 -0.3 -0.  -0.2  2.4 -0.  -0.2 -0.1 -0.2 -0.1 -0.2 -0.3  1.1 -0.1  0.4  0.  -0.4 -0.1  2.3  2.2 -0.4 -0.5 -0.1  1.7  0.4 -0.1 -0.1  0.9 -0.2 -0.4  1.3  2.1 -0.8 -0.3  0.1 -0.1  0.2 -0.2 -0.2  1.5  0.2  2.8 -0.2 -0.2  2.4  0.8  0.9  0.2 -0.2  0.  -0.   1.   0.6  1.  -0.   0.2  1.  -0.1 -0.1 -0.5  0.8  0.6 -0.4 -0.   0.6 -0.1  0.  -0.  -0.1 -0.   1.4 -0.1 -0.1  1.2  0.2 -0.6  0.4  2.7 -0.1 -0.1  0.6 -0.   0.7 -0.2 -0.1  2.1  3.   0.1 -0.2 -0.1 -0.1 -0.1 -0.1  0.4 -0.  -0.3 -0.3 -0.4  1.6 -0.1 -0.9  0.5  2.2  0.5 -0.2 -0.3  2.5  0.1  0.2  0.  -0.4 -0.7  0.  -0.6  1.   1.1 -0.4  1.9 -0.6  0.8  0.2  0.2  0.2 -0.   1.3 -0.3 -0.3  1.5 -0.5 -0.4  0.2  2.6 -0.2 -0.3 -0.2 -0.3  1.3 -0.1 -0.  -0.  -0.  -0.1 -0.6 -0.6 -0.1  1.   2.6  0.6 -0.   0.4 -0.2 -0.5 -0.  -0.1 -0.5  2.1  0.1  2.3 -0.  -0.1 -0.1 -0.  -0.1 -0.7 -0.   0.8 -0.3 -0.   0.   0.3 -0.  -0.5  1.1  1.3 -0.2  1.1 -0.5 -0.1 -0.   0.9 -0.4 -0.7 -0.4 -0.1  0.  -0.   2.5 -0.  -0.1  2.7 -0.1  1.1 -0.2  0.2 -1.   0.3 -0.1 -0.5 -0.1 -0.  -0.6  0.8  2.5  0.2 -0.1 -0. ]
vy_50sample [[2 1 0]
 [2 2 0]
 [2 0 1]
 [1 2 0]
 [2 0 1]
 [2 0 1]
 [2 0 1]
 [2 1 0]
 [2 1 0]
 [2 1 0]]
vt_50sample [[2 1 0]
 [1 2 0]
 [2 0 1]
 [1 2 0]
 [2 0 1]
 [2 0 1]
 [2 0 1]
 [2 1 0]
 [1 2 0]
 [2 1 0]]
Epoch  1310: Training cost= 0.0441, Training acc= 0.9468, Validation cost= 0.0898, Validation acc= 0.9468
Epoch  1320: Training cost= 0.2130, Training acc= 0.9468, Validation cost= 0.1191, Validation acc= 0.9469
Epoch  1330: Training cost= 0.0924, Training acc= 0.9469, Validation cost= 0.1173, Validation acc= 0.9470
Epoch  1340: Training cost= 0.1045, Training acc= 0.9471, Validation cost= 0.1029, Validation acc= 0.9472
Epoch  1350: Training cost= 0.1583, Training acc= 0.9472, Validation cost= 0.1096, Validation acc= 0.9472
Epoch  1360: Training cost= 0.1050, Training acc= 0.9473, Validation cost= 0.0911, Validation acc= 0.9473
Epoch  1370: Training cost= 0.0260, Training acc= 0.9474, Validation cost= 0.1027, Validation acc= 0.9475
Epoch  1380: Training cost= 0.1039, Training acc= 0.9476, Validation cost= 0.0928, Validation acc= 0.9476
Epoch  1390: Training cost= 0.0421, Training acc= 0.9477, Validation cost= 0.1494, Validation acc= 0.9477
Epoch  1400: Training cost= 0.0628, Training acc= 0.9478, Validation cost= 0.0726, Validation acc= 0.9478
tm  [-0.1 -0.1  0.4 -0.1 -0.1  0.2  0.6 -0.3  0.8 -0.1  0.2 -0.   0.  -0.1 -0.  -0.1  0.  -0.1  0.4  1.8 -0.2  0.  -0.1  0.5 -0.  -0.   0.8 -0.  -0.  -0.1 -0.1 -0.1  0.6  0.2 -0.1 -0.1  0.5 -0.2 -0.1  0.1  1.1  0.5 -0.1  1.2  0.5  0.8 -0.1 -0.1 -0.2  0.6 -0.2 -0.   0.1 -0.1  0.2 -0.  -0.  -0.  -0.   0.4  0.3  1.   1.2 -0.1 -0.  -0.  -0.1 -0.1  0.8  0.3  0.1  0.3  0.4 -0.1  0.  -0.  -0.1  0.1  0.3 -0.  -0.2 -0.1  0.9  0.5  1.3 -0.   0.9 -0.1  0.7 -0.   0.1  0.1 -0.1 -0.2 -0.1 -0.   0.2 -0.   1.2  1.1 -0.1  0.6 -0.  -0.1  0.1  0.1 -0.2 -0.1  0.4  0.7  0.8 -0.1  0.5 -0.1  1.  -0.1  0.4 -0.  -0.1 -0.1  0.6 -0.  -0.1 -0.2 -0.1  0.1 -0.1  0.5 -0.1 -0.1  0.5 -0.1  0.2 -0.1 -0.  -0.1 -0.1  0.1 -0.2 -0.  -0.  -0.  -0.2  0.4  0.2 -0.5 -0.1 -0.1  0.7 -0.  -0.   0.6 -0.1 -0.3 -0.1 -0.3  0.6 -0.1 -0.2 -0.1  0.6  0.9  0.2 -0.3  1.1  0.3 -0.2  0.3  0.2  0.3  0.7  1.  -0.2 -0.1  0.8  0.8 -0.   0.2  0.4  0.2 -0.3  0.6 -0.2 -0.2  0.  -0.  -0.1  0.2 -0.1 -0.   0.1 -0.1 -0.  -0.  -0.2 -0.2  0.2 -0.1 -0.1  1.  -0.1 -0.  -0.1 -0.   0.1  0.4 -0.  -0.   0.3  0.4 -0.1 -0.  -0.2 -0.  -0.   0.   0.5 -0.  -0.1 -0.2 -0.1  0.2  1.   0.1 -0.  -0.  -0.1 -0.  -0.1 -0.1  0.1  0.2 -0.1 -0.  -0.  -0.2 -0.1 -0.1 -0.   0.4 -0.  -0.   0.1 -0.1  0.1  0.9 -0.1 -0.1 -0.  -0.   0.3 -0.1  0.1  0.5 -0.1 -0.1]
ty_50sample [[0 2 1]
 [0 1 2]
 [1 0 2]
 [1 2 0]
 [2 0 1]
 [0 2 1]
 [0 2 1]
 [0 1 2]
 [2 1 0]
 [1 0 2]]
tt_50sample [[0 2 1]
 [0 1 2]
 [1 0 2]
 [1 2 0]
 [2 0 1]
 [0 2 1]
 [0 2 1]
 [0 1 2]
 [2 1 0]
 [1 0 2]]
vm  [-0.4 -0.   1.5 -0.5 -0.1  1.3  0.9 -0.9  2.7 -0.2 -0.3 -0.  -0.1 -0.1 -0.  -0.4 -0.1 -0.2 -0.5  4.6 -0.2  1.3 -0.2  0.3 -0.3  1.4  2.2 -0.1  0.3 -0.2 -0.1 -0.2  0.4  1.2 -0.1 -0.2  0.3 -0.2 -0.4  3.1  0.7 -0.7  0.   0.6 -0.9  2.5 -0.2 -0.1 -1.1  1.  -0.  -0.1  0.   0.4 -0.5 -0.1  1.2 -0.1 -0.   0.  -0.   1.   2.5  0.2 -0.4 -0.1  0.1 -0.1  1.2 -0.4  1.2  3.5  0.  -0.4 -0.  -0.1 -0.1 -0.3  0.7 -0.1 -0.6 -0.4  2.8  1.4  1.9  0.   2.1 -0.1  0.4 -0.3 -0.2 -0.4 -0.3 -0.1 -0.5  0.3 -0.5 -0.2  0.8  2.9 -0.2  0.6 -0.4 -0.  -0.1 -0.2 -1.1 -0.1  0.3  1.7  2.6 -0.3  0.5 -0.1  2.8 -0.2  2.7 -0.1 -0.4 -0.1  2.4 -0.1 -0.1 -0.7 -0.5  2.  -0.5 -0.6 -0.1  0.  -0.1 -0.1  0.6  0.1 -0.  -0.5 -0.5 -0.  -0.3  0.4 -0.  -0.1 -0.3  1.  -0.  -1.  -0.2 -0.2  1.7 -0.   3.3  1.4 -0.4 -0.9 -0.2 -0.  -0.5 -0.2 -0.1 -0.1  0.3  2.7 -0.  -0.1  2.6  0.9 -0.3 -0.4  2.8  0.   2.5  3.  -0.3 -0.   1.9  1.4 -0.  -0.3  1.7  2.4 -1.1 -0.4 -0.  -0.2  1.   0.3 -0.5  0.3 -0.  -0.   0.9 -0.2  2.2  0.7 -0.2 -0.1 -0.6 -0.8 -0.1  3.1 -0.2  1.7 -0.1  1.2  2.  -0.5 -0.1 -0.4 -0.1  1.  -0.  -0.  -0.6  2.6 -0.   0.3  2.2 -0.  -0.1 -0.3 -0.1  0.   3.7  0.3 -0.1 -0.3  1.7 -0.  -0.1 -0.4  0.3  2.9  0.1 -0.  -0.1 -0.6 -0.5 -0.4 -0.1 -0.6 -0.1 -0.4  1.3  0.6  3.9  3.3 -0.  -0.1 -0.   0.2  2.4 -0.1 -0.5 -0.2 -0.1 -0.3]
vy_50sample [[0 1 2]
 [2 0 1]
 [2 1 0]
 [1 2 0]
 [1 2 0]
 [0 1 2]
 [1 2 0]
 [2 1 0]
 [2 0 1]
 [0 1 2]]
vt_50sample [[0 1 2]
 [2 0 1]
 [1 2 0]
 [1 2 0]
 [1 2 0]
 [0 1 2]
 [1 2 0]
 [2 1 0]
 [2 0 1]
 [0 1 2]]
Epoch  1410: Training cost= 0.0578, Training acc= 0.9479, Validation cost= 0.0585, Validation acc= 0.9480
Epoch  1420: Training cost= 0.0733, Training acc= 0.9480, Validation cost= 0.0377, Validation acc= 0.9481
Epoch  1430: Training cost= 0.0267, Training acc= 0.9482, Validation cost= 0.0412, Validation acc= 0.9483
Epoch  1440: Training cost= 0.1026, Training acc= 0.9483, Validation cost= 0.1199, Validation acc= 0.9484
Epoch  1450: Training cost= 0.1726, Training acc= 0.9484, Validation cost= 0.0587, Validation acc= 0.9485
Epoch  1460: Training cost= 0.0944, Training acc= 0.9486, Validation cost= 0.0776, Validation acc= 0.9486
Epoch  1470: Training cost= 0.0355, Training acc= 0.9487, Validation cost= 0.1129, Validation acc= 0.9488
Epoch  1480: Training cost= 0.0802, Training acc= 0.9488, Validation cost= 0.0611, Validation acc= 0.9489
Epoch  1490: Training cost= 0.0924, Training acc= 0.9490, Validation cost= 0.0520, Validation acc= 0.9491
Epoch  1500: Training cost= 0.0412, Training acc= 0.9492, Validation cost= 0.0764, Validation acc= 0.9493
tm  [-0.3 -0.3  1.3 -0.3 -0.2  0.1  1.6 -0.6  1.7 -0.3  0.1  0.   0.  -0.1 -0.  -0.2 -0.1 -0.2  0.1  3.2 -0.1  0.4 -0.1  0.2 -0.1  0.2  1.8 -0.1  0.  -0.2 -0.2 -0.1  0.8  1.1 -0.  -0.2  0.5 -0.5 -0.3  0.6  1.6  0.3 -0.1  1.4  0.1  1.6 -0.2 -0.1 -0.6  0.7 -0.3 -0.1 -0.  -0.   0.  -0.1  0.3 -0.1 -0.1  0.1 -0.   1.   2.3 -0.1 -0.2 -0.1 -0.1 -0.1  1.4  0.3  0.3  1.3  0.3 -0.2 -0.1 -0.1 -0.2 -0.2  0.5 -0.1 -0.4 -0.2  1.6  1.1  1.8 -0.   1.6 -0.1  1.1 -0.2  0.1 -0.1 -0.2 -0.4 -0.2  0.1  0.1 -0.1  1.8  2.1 -0.2  0.8 -0.3 -0.2 -0.  -0.1 -0.6 -0.1  0.8  1.3  2.  -0.1  0.2 -0.1  2.5 -0.2  1.4 -0.  -0.3 -0.   1.7 -0.  -0.1 -0.3 -0.2  0.4 -0.2  0.1 -0.1 -0.1  0.5 -0.1  0.3 -0.1 -0.  -0.3 -0.3 -0.1 -0.2  0.2 -0.1 -0.  -0.2  0.4  0.1 -0.9 -0.3 -0.3  1.5 -0.1  0.7  1.3 -0.2 -0.5 -0.2 -0.3  0.5 -0.2 -0.4 -0.1  0.6  1.8  0.  -0.4  2.5  0.8 -0.5  0.1  0.7  0.1  1.7  1.9 -0.2 -0.1  1.6  1.1  0.1  0.1  0.9  0.7 -0.7  0.3 -0.2 -0.3  0.6 -0.  -0.2  0.3 -0.1  0.1  0.7 -0.1  0.6  0.  -0.2 -0.4  0.1 -0.4 -0.1  2.3 -0.1  0.9 -0.   0.5  0.5  0.1 -0.  -0.1 -0.1  0.8 -0.1 -0.  -0.4  0.5 -0.1  0.6  1.2 -0.1 -0.1 -0.2 -0.1 -0.   2.4  0.4 -0.1 -0.2  0.3 -0.  -0.1 -0.2 -0.1  0.7 -0.2  0.  -0.1 -0.4 -0.2 -0.2 -0.1  0.1 -0.1 -0.1  0.7  0.2  0.8  2.  -0.1 -0.2 -0.   0.3  0.7 -0.3  0.2 -0.  -0.1 -0.2]
ty_50sample [[0 1 2]
 [2 1 0]
 [1 2 0]
 [1 2 0]
 [2 0 1]
 [2 0 1]
 [2 1 0]
 [1 2 0]
 [0 2 1]
 [1 0 2]]
tt_50sample [[0 1 2]
 [2 1 0]
 [1 2 0]
 [1 2 0]
 [2 0 1]
 [2 0 1]
 [2 1 0]
 [1 2 0]
 [0 2 1]
 [1 0 2]]
vm  [-0.5 -0.3  1.8 -0.2 -0.4  0.2  1.8 -0.6  2.2 -0.3  0.  -0.  -0.  -0.1 -0.  -0.1 -0.1 -0.4  0.3  3.7 -0.2  0.6 -0.1 -0.  -0.2  0.2  2.4 -0.1  0.3 -0.2 -0.2 -0.2  0.9  1.6 -0.1 -0.2  0.4 -0.7 -0.4  0.3  1.6  0.7 -0.2  1.3  0.4  1.2 -0.2 -0.  -0.7  0.9 -0.1 -0.2  0.  -0.   0.3 -0.1  0.3 -0.  -0.1 -0.  -0.2  0.7  2.9 -0.  -0.3 -0.1 -0.1 -0.2  2.4  0.5  0.1  1.7  0.2 -0.1 -0.  -0.1 -0.2 -0.3  0.5 -0.2 -0.4 -0.1  1.4  1.2  1.9 -0.1  1.9 -0.2  1.2 -0.1  0.  -0.  -0.3 -0.6 -0.1  0.3 -0.  -0.1  1.8  2.5 -0.3  1.1 -0.3 -0.2 -0.1 -0.1 -0.7 -0.2  0.8  1.   2.7 -0.2 -0.1 -0.1  3.1 -0.2  1.8 -0.1 -0.4  0.1  2.5 -0.1 -0.1 -0.3 -0.3  0.  -0.3  0.4 -0.2 -0.1  0.6 -0.1  0.5 -0.1 -0.1 -0.2 -0.2 -0.1 -0.3  0.1 -0.1 -0.  -0.3  0.6 -0.  -1.2 -0.4 -0.4  2.1 -0.1  0.4  1.6 -0.1 -0.6 -0.3 -0.3  0.6 -0.2 -0.5 -0.2 -0.   1.3 -0.  -0.5  3.5  1.4 -0.7  0.4  0.4  0.2  1.8  2.3 -0.3 -0.1  2.3  0.8 -0.   0.3  0.7  0.7 -0.9  0.6 -0.3 -0.4  0.7 -0.1 -0.3  0.3 -0.1 -0.   1.  -0.1  0.4 -0.1 -0.2 -0.4  0.2 -0.5 -0.1  2.8 -0.2  1.  -0.1  0.6  0.2  0.1 -0.1 -0.1 -0.2  0.9 -0.2 -0.  -0.5  0.2 -0.   1.   1.5 -0.1 -0.1 -0.2 -0.1 -0.1  3.4  0.8 -0.2 -0.2  0.2 -0.  -0.1 -0.2 -0.3  0.6 -0.2 -0.  -0.1 -0.5 -0.2 -0.2 -0.2  0.3 -0.1 -0.   0.9  0.6  0.5  2.4 -0.1 -0.4 -0.1  0.4  0.4 -0.3  0.3 -0.1 -0.1 -0.2]
vy_50sample [[0 1 2]
 [0 1 2]
 [0 2 1]
 [1 2 0]
 [1 0 2]
 [0 1 2]
 [2 0 0]
 [2 0 1]
 [0 2 1]
 [1 0 2]]
vt_50sample [[0 1 2]
 [0 1 2]
 [0 2 1]
 [1 2 0]
 [1 0 2]
 [0 1 2]
 [2 0 1]
 [2 0 1]
 [0 2 1]
 [1 0 2]]
Epoch  1510: Training cost= 0.0723, Training acc= 0.9493, Validation cost= 0.2614, Validation acc= 0.9493
Epoch  1520: Training cost= 0.1795, Training acc= 0.9493, Validation cost= 0.1242, Validation acc= 0.9493
Epoch  1530: Training cost= 0.1292, Training acc= 0.9494, Validation cost= 0.0800, Validation acc= 0.9495
Epoch  1540: Training cost= 0.0768, Training acc= 0.9496, Validation cost= 0.0566, Validation acc= 0.9496
Epoch  1550: Training cost= 0.0878, Training acc= 0.9497, Validation cost= 0.2491, Validation acc= 0.9496
Epoch  1560: Training cost= 0.0911, Training acc= 0.9497, Validation cost= 0.1762, Validation acc= 0.9496
Epoch  1570: Training cost= 0.0930, Training acc= 0.9497, Validation cost= 0.0972, Validation acc= 0.9497
Epoch  1580: Training cost= 0.0971, Training acc= 0.9498, Validation cost= 0.1231, Validation acc= 0.9498
Epoch  1590: Training cost= 0.0980, Training acc= 0.9499, Validation cost= 0.1247, Validation acc= 0.9498
Epoch  1600: Training cost= 0.0600, Training acc= 0.9501, Validation cost= 0.0835, Validation acc= 0.9500
tm  [-0.2  1.8  1.   1.1 -0.6  0.5 -0.3 -0.3  0.9 -0.2 -0.6 -0.1 -0.2 -0.1 -0.1  1.3 -0.2 -0.5 -0.2  2.8 -0.2  0.2  0.5 -0.2 -0.2 -0.1  2.4 -0.1  0.5 -0.1 -0.2 -0.2  0.1  1.3 -0.2 -0.1 -0.  -0.6 -0.1  1.5 -0.8 -0.2 -0.3 -0.5 -0.2 -0.3 -0.4 -0.2 -0.5  1.8  3.1 -0.  -0.1  0.5 -0.2 -0.1  0.5 -0.  -0.1 -0.1 -0.2 -0.4  1.3 -0.  -0.2 -0.1 -0.2 -0.1  2.2 -0.2 -0.1  2.3 -0.4 -0.  -0.2 -0.1 -0.1  0.5 -0.1 -0.3 -0.3  1.1 -0.3 -0.   0.  -0.   1.1 -0.1 -0.6  0.4 -0.   0.6 -0.2  1.   1.   0.9 -0.7 -0.2 -0.7  1.7 -0.1  0.3 -0.1  1.3 -0.  -0.3 -0.5 -0.1 -0.2 -0.2  2.5 -0.2 -0.4 -0.2  1.6 -0.1  1.8 -0.  -0.1 -0.   2.4 -0.3 -0.1 -0.3 -0.2 -0.2 -0.2 -0.2 -0.1 -0.1 -0.1 -0.2  1.8 -0.2 -0.3  1.2  1.5 -0.  -0.3 -0.  -0.1 -0.  -0.2  0.6 -0.1 -0.7 -0.2 -0.3  1.3 -0.1  1.9  0.8  1.  -0.5 -0.1  0.1 -0.3 -0.1  1.1 -0.1 -0.6 -0.3 -0.  -0.1  1.2  1.7 -0.1 -0.1  1.5  0.4  1.6  1.8 -0.  -0.1  1.6 -0.1 -0.3 -0.1 -0.2  1.1 -0.8 -0.1  0.5 -0.3  0.  -0.2 -0.2 -0.1 -0.1 -0.   0.5 -0.1  1.3 -0.3 -0.1  2.1 -0.2 -0.3 -0.1  2.1 -0.1  0.1 -0.   0.6  0.8 -0.1  0.   0.4 -0.1 -0.1 -0.1 -0.1 -0.3  1.3 -0.1  0.7  0.6 -0.1  0.  -0.1 -0.1 -0.4  3.4  0.8 -0.1 -0.2  1.1 -0.   0.1  0.6 -0.   1.3 -0.2 -0.1 -0.2 -0.3  1.2 -0.2 -0.  -0.2 -0.1 -0.1  0.8  0.8  2.1  2.7 -0.1 -0.4 -0.1 -0.1  1.1  1.7 -0.1 -0.4 -0.2 -0.2]
ty_50sample [[1 2 0]
 [2 1 0]
 [1 2 0]
 [1 0 2]
 [2 1 0]
 [2 0 1]
 [2 0 1]
 [1 2 0]
 [0 2 1]
 [0 1 2]]
tt_50sample [[1 2 0]
 [2 1 0]
 [1 2 0]
 [1 0 2]
 [2 1 0]
 [2 0 1]
 [2 0 1]
 [1 2 0]
 [0 2 1]
 [0 1 2]]
vm  [-0.3  1.   1.2  0.5 -0.5  0.4 -0.1 -0.4  1.4 -0.2 -0.4 -0.1 -0.1 -0.1 -0.1  0.8 -0.2 -0.5 -0.1  3.2 -0.2  0.5  0.1 -0.1 -0.2  0.1  2.4 -0.1  0.4 -0.1 -0.1 -0.2  0.3  1.5 -0.1 -0.2  0.1 -0.7 -0.1  1.1 -0.2 -0.  -0.3 -0.2 -0.1 -0.1 -0.3 -0.1 -0.6  1.4  2.2 -0.1 -0.1  0.1 -0.1 -0.1  0.4 -0.  -0.1 -0.1 -0.2 -0.2  2.  -0.  -0.2 -0.1 -0.2 -0.2  2.5 -0.1 -0.1  1.9 -0.2  0.  -0.1 -0.1 -0.1  0.  -0.1 -0.3 -0.3  0.5 -0.1  0.3  0.9 -0.1  1.3 -0.2 -0.3  0.4 -0.1  0.5 -0.3 -0.   0.7  0.8 -0.5 -0.2 -0.3  1.8 -0.2  0.6 -0.3  0.9 -0.1 -0.1 -0.6 -0.2 -0.1 -0.1  2.5 -0.1 -0.3 -0.1  2.  -0.2  1.9 -0.  -0.2 -0.   2.8 -0.2 -0.  -0.2 -0.2 -0.1 -0.3 -0.  -0.1 -0.1  0.2 -0.1  1.3 -0.1 -0.2  0.5  1.2 -0.1 -0.3  0.2 -0.1 -0.1 -0.2  0.8 -0.  -0.8 -0.3 -0.3  1.8 -0.1  1.   0.9  0.7 -0.5 -0.2 -0.  -0.1 -0.1  0.3 -0.1 -0.5 -0.1 -0.  -0.3  2.   1.5 -0.3 -0.1  0.9  0.5  1.9  2.1 -0.1 -0.1  1.9 -0.  -0.2 -0.  -0.1  1.  -0.8 -0.  -0.  -0.3  0.1 -0.2 -0.2 -0.  -0.1 -0.1  0.6 -0.1  0.8 -0.2 -0.1  1.3 -0.  -0.4 -0.   2.2 -0.1  0.5 -0.   0.7  0.6 -0.1 -0.   0.5 -0.2 -0.  -0.1 -0.  -0.4  0.9 -0.1  0.8  1.  -0.   0.1 -0.1 -0.  -0.3  3.6  1.1 -0.2 -0.2  0.5 -0.  -0.  -0.  -0.2  0.7 -0.2 -0.1 -0.1 -0.4  0.8 -0.2 -0.1 -0.1 -0.1 -0.1  0.6  0.7  1.3  2.7 -0.1 -0.4 -0.1  0.2  0.8  0.9  0.1 -0.3 -0.2 -0.2]
vy_50sample [[1 2 0]
 [0 1 2]
 [0 2 1]
 [1 2 0]
 [1 2 0]
 [1 2 0]
 [0 2 1]
 [0 2 1]
 [0 1 2]
 [0 2 1]]
vt_50sample [[1 2 0]
 [0 1 2]
 [0 2 1]
 [1 2 0]
 [1 2 0]
 [1 2 0]
 [0 2 1]
 [0 2 1]
 [0 1 2]
 [0 2 1]]
