Epoch    10: Training cost= 2.4364, Training acc= 0.1039, Validation cost= 2.4275, Validation acc= 0.1006
Epoch    20: Training cost= 2.2473, Training acc= 0.1223, Validation cost= 2.3159, Validation acc= 0.1086
Epoch    30: Training cost= 2.1652, Training acc= 0.1446, Validation cost= 2.2648, Validation acc= 0.1161
Epoch    40: Training cost= 2.1091, Training acc= 0.1620, Validation cost= 2.2421, Validation acc= 0.1231
Epoch    50: Training cost= 2.0763, Training acc= 0.1767, Validation cost= 2.2567, Validation acc= 0.1264
Epoch    60: Training cost= 2.0443, Training acc= 0.1887, Validation cost= 2.3128, Validation acc= 0.1280
Epoch    70: Training cost= 2.0019, Training acc= 0.1988, Validation cost= 2.3407, Validation acc= 0.1285
Epoch    80: Training cost= 2.0540, Training acc= 0.2072, Validation cost= 2.3147, Validation acc= 0.1281
Epoch    90: Training cost= 1.9475, Training acc= 0.2173, Validation cost= 2.3630, Validation acc= 0.1290
Epoch   100: Training cost= 1.8854, Training acc= 0.2275, Validation cost= 2.3292, Validation acc= 0.1302
tm  [-0.3  1.  -0.1 -0.3 -0.   1.2  0.  -0.4 -0.7 -0.3  0.1 -0.1  1.1 -0.6 -0.  -0.4  0.3  0.9 -0.4  0.   1.5  0.8 -0.2 -0.3 -0.3  0.8 -0.5  0.7  0.3 -0.   0.3 -0.1  0.4  1.3  1.   0.9  0.1 -0.9 -0.4 -0.3 -0.3 -0.3  0.7  2.2 -0.3  1.7  0.6  0.3 -0.1  0.  -0.2  0.6 -0.4  1.7 -0.3 -0.4  0.1  0.4 -0.6  2.1 -0.1 -0.1  0.3  0.4  0.2  0.8  0.6 -0.5 -0.1  0.5 -0.1 -0.   1.2 -0.1 -0.  -0.  -0.   2.2  0.5  0.5 -0.3 -0.4 -0.1 -0.4 -0.1 -0.1  2.8  0.2  3.   2.  -0.1  1.9 -0.2 -0.1 -0.9  1.6  0.   0.   3.5 -0.2 -0.3 -0.1 -0.5 -0.1  0.5 -0.  -0.5 -0.1  1.1 -0.  -0.3  0.8 -0.2 -0.2  0.7 -0.2 -0.4 -0.2 -0.5  0.8  1.8  0.6  1.   0.5 -0.4  0.1 -0.1 -0.1 -0.3  0.3 -0.  -0.3  0.1 -0.1  2.  -0.5 -0.2 -0.1  0.3 -0.6  0.5 -0.1  0.6  0.9 -0.   0.5 -0.5 -0.1 -0.   0.5  1.6 -0.1 -0.5 -0.1  1.   0.  -0.2 -0.3  0.4 -0.7  0.7 -0.3 -0.1  0.3 -0.4 -0.4 -0.2 -0.3  0.9 -0.3  0.4  2.7  0.5 -0.6 -0.8  0.4 -0.1  1.2  0.6  0.7  0.9 -0.1 -0.5 -0.3 -0.2  0.4 -0.   0.1 -0.1  1.2  0.1  0.5 -0.3  0.5 -0.3 -0.3  0.3  1.1  1.1  0.1 -0.1 -0.1 -0.2 -0.  -0.2 -0.2 -0.9 -0.4 -0.3 -0.1 -0.1  0.4  0.7  0.5 -0.   0.3  0.5 -0.3  0.9  0.2  0.3  1.  -0.1 -0.5  2.   0.8 -0.4 -0.4  0.3 -0.3  1.1 -0.1 -0.4 -0.4  0.1  0.1  0.5 -0.9  0.4 -0.1 -0.4 -0.2 -0.1  0.3 -0.1  1.6  0.9  0.5  1.1 -0.2 -0.2 -0.3 -0.7 -0.3 -0.5 -0.4]
ty_50sample [[3 3 3 3]
 [0 0 0 3]
 [8 8 3 8]
 [9 9 2 2]
 [0 5 1 0]
 [6 7 7 9]
 [6 5 5 6]
 [0 0 0 0]
 [0 0 0 0]
 [0 1 5 0]]
tt_50sample [[5 0 3 3]
 [2 0 3 2]
 [8 8 3 2]
 [9 9 2 0]
 [0 8 2 7]
 [8 3 6 9]
 [6 5 5 9]
 [7 4 0 2]
 [0 0 0 0]
 [1 5 8 0]]
vm  [-0.1 -0.7 -0.2  2.   2.9 -0.4  3.6 -0.   0.2  0.6  0.   1.8 -0.3  1.2 -0.2  0.7 -0.6  1.1 -0.5 -0.  -0.8  2.1 -0.  -0.5 -0.7  0.9 -0.4 -0.8 -0.4 -0.7  3.8 -0.7  2.9 -0.1 -0.2  2.4 -0.5  3.9 -0.3  3.2 -0.7 -0.6 -0.8  3.   0.6  2.3  2.1  2.2  0.7  0.9  0.2  1.9  3.6  2.3  0.1 -0.3 -0.3 -0.4 -0.3 -0.2  0.8 -0.2 -0.3 -0.9 -0.6 -0.4 -0.6  2.3 -0.3 -0.4  0.5  1.4  2.1 -1.1  1.5  0.6  1.9 -0.5  0.3 -0.4  2.7 -0.5 -0.4 -1.1 -0.4 -0.3 -0.5 -1.3 -0.2 -0.7 -0.1 -0.3 -0.6  2.1  0.9  0.2  2.1  1.3 -0.3  1.7  0.9 -1.   1.4  2.3 -0.3 -0.6 -1.2 -0.2  0.4  0.2  2.2 -0.4 -0.1 -0.5  0.4  0.8  2.7 -0.8  0.4  2.6 -0.4 -0.  -0.9  0.6  2.4  1.9 -0.5  1.2  1.1 -0.1  0.1  2.8  0.5 -0.3 -0.2 -0.5 -0.8  2.  -0.1 -0.4 -0.  -0.7  2.3 -0.2 -0.1  1.3  2.   1.8 -0.1 -1.  -0.9 -0.4  4.1  1.1  1.1 -0.2 -0.7 -0.6 -0.1 -0.1  1.2 -0.5  0.8 -0.6  0.2 -0.7 -0.1  3.4 -0.2  1.7 -0.3 -0.8 -0.5 -0.2 -0.5 -0.1 -0.9 -0.3 -1.   0.9 -0.4  0.   2.8  3.6 -0.7  1.2  1.9 -0.2 -0.1 -0.9  1.4  3.7  0.8  1.  -0.2  4.4  1.1 -1.  -0.5 -0.5 -0.4  1.9 -0.1  3.9 -0.4 -0.8 -0.2 -0.1  1.2  1.4  5.5  2.2 -0.5 -0.2  3.3 -0.5 -0.2  1.  -0.5  0.2 -0.1  0.9  0.5  2.  -0.4  2.1  1.3 -0.2  5.  -0.5  1.3  1.1 -0.4  1.7  2.7 -0.2 -0.3 -0.9 -0.9  0.8 -0.2  0.6 -0.3 -0.5 -0.6  0.4 -0.7  1.7  0.8  0.6 -0.1 -0.1 -0.3  0.4  0.2  0.8]
vy_50sample [[8 6 8 8]
 [0 0 0 0]
 [2 1 1 3]
 [6 6 9 9]
 [3 3 3 3]
 [9 0 3 9]
 [1 0 3 0]
 [0 0 0 0]
 [5 5 5 5]
 [6 6 3 6]]
vt_50sample [[8 9 9 5]
 [0 4 1 2]
 [6 3 4 1]
 [9 1 3 8]
 [8 2 0 3]
 [5 0 8 6]
 [0 4 2 1]
 [2 1 0 0]
 [6 0 9 6]
 [9 2 6 6]]
Epoch   110: Training cost= 1.7848, Training acc= 0.2394, Validation cost= 2.3510, Validation acc= 0.1317
Epoch   120: Training cost= 1.6801, Training acc= 0.2525, Validation cost= 2.3936, Validation acc= 0.1330
Epoch   130: Training cost= 1.5692, Training acc= 0.2663, Validation cost= 2.4682, Validation acc= 0.1341
Epoch   140: Training cost= 1.6274, Training acc= 0.2779, Validation cost= 2.5282, Validation acc= 0.1346
Epoch   150: Training cost= 1.5369, Training acc= 0.2890, Validation cost= 2.5688, Validation acc= 0.1350
Epoch   160: Training cost= 1.4065, Training acc= 0.3006, Validation cost= 2.6610, Validation acc= 0.1357
Epoch   170: Training cost= 1.2792, Training acc= 0.3127, Validation cost= 2.7197, Validation acc= 0.1364
Epoch   180: Training cost= 1.1986, Training acc= 0.3251, Validation cost= 2.8249, Validation acc= 0.1370
Epoch   190: Training cost= 1.0831, Training acc= 0.3380, Validation cost= 2.9918, Validation acc= 0.1375
Epoch   200: Training cost= 1.0625, Training acc= 0.3506, Validation cost= 3.1206, Validation acc= 0.1380
tm  [-0.5  1.3 -0.2 -0.6  0.6  2.   0.6 -0.5 -0.8 -0.1  0.4  0.3  2.2 -0.7 -0.2 -0.4  0.4  1.3 -0.5  0.3  1.6  2.3 -0.1 -0.  -0.3 -0.  -1.   1.5  0.6  1.4  0.6  0.7  0.6  2.2  2.6  1.2 -0.1 -0.8 -0.5 -0.3 -0.  -0.5  2.3  3.4 -0.2  2.4  1.3  1.   0.9 -0.   0.1 -0.  -0.5  2.6 -0.5 -0.5  1.8  0.6 -0.8  3.  -0.2 -0.3  0.5  1.   1.6  0.6  1.3 -0.5 -0.  -0.3 -0.2 -0.2  0.1  0.2 -0.2 -0.  -0.3  3.8  1.2  2.5 -0.5 -0.3 -0.3 -0.3 -0.4 -0.4  3.9  1.4  4.4  3.2 -0.3  1.4 -0.  -0.3 -1.5  1.4  0.   1.4  4.4 -0.2 -0.   0.8 -0.6 -0.1  1.5 -0.1 -0.6 -0.   1.4  0.  -0.5  1.2 -0.  -0.4  1.1 -0.1 -0.8  0.5 -0.6  0.7  2.4  1.2  0.8  1.8 -0.8 -0.2  1.  -0.  -0.4  1.2 -0.2 -0.3 -0.1  0.4  3.2 -0.2 -0.1 -0.1  0.2 -0.5  2.5  0.4  0.5  2.6  0.7  1.1 -0.7 -0.1  1.6  2.2  2.5  0.5 -0.9 -0.3  0.5 -0.2 -0.1 -0.4  0.2 -0.5  0.5 -0.4  1.4  0.5 -0.5 -0.  -0.5 -0.6  3.2 -0.1  0.8  3.6  2.  -0.5 -1.3  0.8 -0.3  0.8  2.5  1.3  1.2  0.4 -0.6 -0.2 -0.2 -0.2 -0.3 -0.2 -0.2  1.7  1.2 -0.  -0.2  0.9 -0.2 -0.6  1.7  2.5  1.6  0.8  0.6 -0.4 -0.3 -0.1 -0.1 -0.  -1.  -0.4 -0.  -0.1 -0.4  1.5 -0.3  0.6 -0.2  2.  -0.  -0.5  0.7  1.2  0.8  2.4 -0.1 -0.4  1.8  1.  -1.  -0.3  0.4 -0.1  1.  -0.2 -0.7 -0.6  0.8  0.8  0.3 -1.2  0.3 -0.4 -0.4 -0.2 -0.1  0.7 -0.1  2.   0.1  0.3  1.5  0.3  0.4 -0.2 -0.3 -0.4 -0.3 -1. ]
ty_50sample [[3 3 3 5]
 [2 0 2 2]
 [8 8 3 2]
 [9 2 2 2]
 [0 8 2 2]
 [8 8 8 8]
 [5 5 5 5]
 [4 4 4 2]
 [0 0 0 0]
 [5 5 8 0]]
tt_50sample [[5 0 3 3]
 [2 0 3 2]
 [8 8 3 2]
 [9 9 2 0]
 [0 8 2 7]
 [8 3 6 9]
 [6 5 5 9]
 [7 4 0 2]
 [0 0 0 0]
 [1 5 8 0]]
vm  [-0.4 -0.6 -0.2  2.   3.2 -0.7  4.9  2.1  1.8  1.1  1.   2.2 -0.5  0.4 -0.1  0.8 -1.   2.2 -0.7 -0.3 -1.   2.6  0.6 -0.5 -0.5  1.4 -0.8 -1.3 -0.5 -0.6  3.8 -0.6  3.5 -0.2 -0.4  2.7 -0.6  4.4 -0.8  5.2 -0.4 -0.4 -0.9  3.3  0.1  3.1  1.5  3.   2.6  0.9 -0.3  1.4  4.2  3.9  1.5  0.4  0.2 -0.8 -0.1 -0.1  0.6  0.4 -0.4 -0.9 -0.8 -0.8 -0.9  2.6 -0.5 -1.   0.8  2.6  1.7 -1.   1.7  0.4  2.5 -0.6 -0.1 -0.4  4.  -0.6 -0.1 -0.8 -0.7 -0.6 -0.4 -1.5 -0.1 -0.8  0.8 -0.4 -0.6  3.3 -0.1  1.   2.9  1.7 -0.2  1.3  0.9 -0.7  1.4  1.2 -0.5 -0.4 -0.9 -0.3  0.2  1.5  3.3 -0.3 -0.2  1.   1.6  0.5  2.7 -0.6  0.4  3.6  0.1 -0.2 -0.7  0.3  2.9  1.7 -0.6  1.4  1.3  0.1 -0.   2.  -0.1 -0.5  0.2 -0.4 -0.3  2.   0.2 -0.8 -0.5 -0.8  2.8 -0.5  0.5  1.7  2.7  2.1  0.5 -0.4 -0.9 -0.3  5.3  0.7  2.1 -0.3 -0.9 -0.8  0.5  0.4  1.9 -0.5  2.2 -0.6  0.3 -1.1 -0.2  4.2 -0.4  2.8 -0.2 -0.9 -0.1 -0.4 -0.7 -0.5 -1.3 -0.5 -1.3  0.3 -0.5  1.8  2.3  3.1 -0.9  2.   1.4 -0.6 -0.1 -0.8  2.4  6.2  1.6  1.1 -0.3  6.   1.4 -1.1 -0.7 -0.2 -0.5  1.5 -0.1  4.7 -0.4 -0.9 -0.4 -0.6  2.3  2.4  5.1  3.3 -0.5 -0.1  4.3 -0.6 -0.5  1.6 -0.8 -0.   0.3  1.4  0.4  2.  -0.7  2.   2.7  0.7  5.9 -0.3  2.3  1.8 -0.2  2.8  3.8  0.2 -0.4 -1.1 -1.   0.9  0.8  0.8 -0.2 -0.7 -0.3  0.8 -1.   2.1  1.5 -0.  -0.2  0.4 -0.2 -0.3 -0.1  1. ]
vy_50sample [[8 6 8 8]
 [2 0 2 2]
 [5 5 5 5]
 [2 4 2 4]
 [3 2 2 2]
 [5 5 5 5]
 [0 0 4 4]
 [0 0 0 0]
 [5 5 3 5]
 [6 8 3 8]]
vt_50sample [[8 9 9 5]
 [0 4 1 2]
 [6 3 4 1]
 [9 1 3 8]
 [8 2 0 3]
 [5 0 8 6]
 [0 4 2 1]
 [2 1 0 0]
 [6 0 9 6]
 [9 2 6 6]]
Epoch   210: Training cost= 0.9850, Training acc= 0.3634, Validation cost= 3.2231, Validation acc= 0.1384
Epoch   220: Training cost= 0.8908, Training acc= 0.3767, Validation cost= 3.3022, Validation acc= 0.1388
Epoch   230: Training cost= 0.8599, Training acc= 0.3900, Validation cost= 3.4277, Validation acc= 0.1392
Epoch   240: Training cost= 0.8287, Training acc= 0.4026, Validation cost= 3.5197, Validation acc= 0.1395
Epoch   250: Training cost= 0.7491, Training acc= 0.4154, Validation cost= 3.5842, Validation acc= 0.1398
Epoch   260: Training cost= 0.7201, Training acc= 0.4287, Validation cost= 3.6062, Validation acc= 0.1400
Epoch   270: Training cost= 0.6686, Training acc= 0.4420, Validation cost= 3.7478, Validation acc= 0.1403
Epoch   280: Training cost= 0.6192, Training acc= 0.4551, Validation cost= 3.8580, Validation acc= 0.1405
Epoch   290: Training cost= 0.5930, Training acc= 0.4679, Validation cost= 3.9295, Validation acc= 0.1407
Epoch   300: Training cost= 0.5488, Training acc= 0.4803, Validation cost= 4.0489, Validation acc= 0.1410
tm  [-0.8  1.2 -0.4 -0.8  1.1  2.3  0.5 -0.5 -0.7 -0.3  0.4  0.5  3.  -0.9 -0.3 -0.3  0.8  1.5 -0.5  0.5  1.7  3.4 -0.   0.  -0.3 -0.2 -0.9  1.5  1.1  1.9  1.1  1.4  0.9  2.4  4.   0.9 -0.  -1.  -0.5 -0.3  0.4 -0.6  3.3  4.1 -0.   3.   1.8  1.7  2.4 -0.1  0.9 -0.2 -0.5  2.1 -0.6 -0.6  2.8  0.7 -0.8  3.4  0.  -0.6  0.7  1.3  2.1  0.4  0.9 -0.6 -0.1 -0.4 -0.4 -0.3  0.1  0.  -0.1 -0.1 -0.6  4.5  1.1  3.4 -0.5 -0.1 -0.5 -0.2 -0.6 -0.5  4.8  1.8  5.3  3.4 -0.3  1.   0.5 -0.5 -1.8  1.6  0.1  1.7  5.5 -0.1 -0.1  0.8 -0.8 -0.1  2.1 -0.3 -0.6  0.4  2.1  0.  -0.7  1.4 -0.2 -0.5  1.4 -0.2 -1.1  1.4 -0.5  0.2  3.1  1.9  0.8  1.9 -1.1 -0.3  0.8 -0.  -0.4  1.2 -0.5 -0.2 -0.2  0.1  3.6  0.1 -0.3  0.2 -0.2 -0.4  3.8  0.9  0.7  3.4  0.6  2.1 -0.7 -0.3  2.6  3.4  2.5  0.8 -1.  -0.4 -0.1 -0.1 -0.  -0.6 -0.2 -0.5  0.3 -0.7  2.   0.9 -0.7  0.5 -0.6 -0.9  4.2 -0.1  1.1  4.1  1.7 -0.2 -1.3  1.  -0.4  0.7  3.6  1.5  1.   0.9 -0.7 -0.3 -0.1 -0.2 -0.3 -0.2 -0.4  2.   1.6 -0.1 -0.1  1.4 -0.4 -0.5  2.3  2.8  2.5  0.3  0.9 -0.5 -0.2 -0.2 -0.  -0.1 -1.  -0.7 -0.1 -0.1 -0.5  2.4 -0.5 -0.   0.1  2.8  0.2 -0.8  0.5  1.4  1.1  2.9 -0.2 -0.3  1.8  2.1 -1.1 -0.5  1.   0.1  1.6 -0.2 -1.  -0.7  1.4  1.   0.1 -1.5 -0.  -0.4 -0.5 -0.1 -0.2  1.  -0.1  1.9 -0.2  0.4  1.4  1.   0.7  0.2 -0.2 -0.4 -0.2 -1.1]
ty_50sample [[5 0 3 5]
 [2 0 3 2]
 [8 8 3 2]
 [9 9 2 0]
 [0 8 2 7]
 [8 3 3 9]
 [9 5 5 9]
 [7 4 0 0]
 [0 0 0 0]
 [1 5 8 0]]
tt_50sample [[5 0 3 3]
 [2 0 3 2]
 [8 8 3 2]
 [9 9 2 0]
 [0 8 2 7]
 [8 3 6 9]
 [6 5 5 9]
 [7 4 0 2]
 [0 0 0 0]
 [1 5 8 0]]
vm  [-0.6 -0.7 -0.1  1.9  3.3 -1.   6.   3.2  2.3  1.4  0.6  3.1 -0.7  0.8 -0.2  0.3 -1.3  2.7 -1.  -0.3 -1.5  3.   0.7 -0.5 -0.4  1.1 -1.1 -1.7 -0.8 -0.6  5.6 -1.1  4.6 -0.4 -0.3  2.7 -0.7  5.4 -0.9  6.2 -0.5 -0.4 -0.7  3.7  1.1  3.8  2.8  3.8  3.5  1.1 -0.4  1.5  5.1  4.8  2.2  1.6  0.9 -1.1 -0.1 -0.3  1.2  1.1 -0.4 -1.1 -1.  -1.1 -1.2  3.  -0.8 -1.6  0.6  2.9  1.5 -1.2  2.4  0.4  3.1 -0.6 -0.4 -0.5  4.5 -0.6 -0.2 -0.8 -0.7 -0.7 -0.4 -2.   0.  -0.8  1.2 -0.6 -0.7  4.5 -0.2  1.9  3.6  2.6 -0.4  1.5  1.  -0.7  2.4  0.6 -0.7 -0.5 -0.8 -0.4 -0.2  1.6  3.9 -0.6 -0.3  1.   1.9  1.3  3.8 -0.8 -0.   3.6  0.7 -0.2 -0.9  0.2  3.8  1.7 -0.8  1.5  1.4 -0.1 -0.2  2.4 -0.1 -0.4  0.8 -0.3 -0.3  2.4  0.5 -1.  -0.5 -1.   2.8 -0.4  0.7  1.8  2.8  3.1  0.2 -0.4 -1.5 -0.1  6.9  1.2  2.5 -0.4 -1.  -0.8  1.5  0.9  1.7 -0.6  2.4 -0.6  0.2 -1.3 -0.4  5.9 -0.4  3.5 -0.4 -1.2 -0.2 -0.4 -0.8 -0.5 -1.8 -0.5 -1.8 -0.1 -0.6  2.2  2.6  3.2 -1.   2.8  2.1 -0.9 -0.1 -1.   2.9  7.9  2.2  1.6 -0.5  9.3  2.2 -1.3 -1.  -0.1 -0.6  2.4  0.4  6.1 -0.3 -1.2 -0.5 -0.8  3.4  3.   6.7  4.8 -0.7 -0.3  5.8 -0.6 -0.6  1.6 -1.2 -0.1 -0.   2.   0.7  3.8 -0.9  1.7  3.6  1.6  7.3 -0.1  2.8  2.6 -0.1  3.4  4.4  0.1 -0.4 -1.2 -1.6  1.4  0.5  0.6 -0.3 -0.8 -0.4  1.2 -1.1  2.8  2.  -0.4 -0.1  1.2  0.6 -0.3 -0.1  1.8]
vy_50sample [[8 6 8 8]
 [1 0 1 1]
 [1 5 5 3]
 [2 4 2 9]
 [8 8 0 2]
 [5 5 5 5]
 [1 4 4 4]
 [0 0 0 0]
 [5 5 5 5]
 [6 8 3 8]]
vt_50sample [[8 9 9 5]
 [0 4 1 2]
 [6 3 4 1]
 [9 1 3 8]
 [8 2 0 3]
 [5 0 8 6]
 [0 4 2 1]
 [2 1 0 0]
 [6 0 9 6]
 [9 2 6 6]]
Epoch   310: Training cost= 0.5115, Training acc= 0.4928, Validation cost= 4.1238, Validation acc= 0.1412
Epoch   320: Training cost= 0.4559, Training acc= 0.5053, Validation cost= 4.2870, Validation acc= 0.1415
Epoch   330: Training cost= 0.4333, Training acc= 0.5174, Validation cost= 4.3668, Validation acc= 0.1417
Epoch   340: Training cost= 0.4210, Training acc= 0.5288, Validation cost= 4.4268, Validation acc= 0.1419
Epoch   350: Training cost= 0.3749, Training acc= 0.5400, Validation cost= 4.4717, Validation acc= 0.1422
Epoch   360: Training cost= 0.3200, Training acc= 0.5512, Validation cost= 4.5817, Validation acc= 0.1424
Epoch   370: Training cost= 0.2997, Training acc= 0.5622, Validation cost= 4.7187, Validation acc= 0.1427
Epoch   380: Training cost= 0.2670, Training acc= 0.5727, Validation cost= 4.7827, Validation acc= 0.1429
Epoch   390: Training cost= 0.2399, Training acc= 0.5830, Validation cost= 4.9318, Validation acc= 0.1431
Epoch   400: Training cost= 0.2289, Training acc= 0.5928, Validation cost= 5.0641, Validation acc= 0.1432
tm  [-1.   1.  -0.5 -1.   1.4  3.4  0.5 -0.4 -0.8 -0.4  0.1  1.   3.7 -1.1 -0.6 -0.3  1.2  1.7 -0.7  0.4  2.6  3.7 -0.  -0.  -0.3 -0.4 -1.3  2.   2.2  2.5  0.7  2.8  0.6  2.7  4.2  0.5 -0.1 -1.1 -0.4 -0.1  1.  -0.8  3.5  4.   0.6  3.6  2.5  2.1  3.3 -0.1  1.7 -0.3 -0.7  2.5 -0.8 -0.7  3.7  0.5 -0.8  4.7  0.5 -0.8  0.8  1.5  2.5  0.2  1.9 -0.4 -0.1 -0.6 -0.6 -0.5  0.6 -0.  -0.2 -0.2 -0.9  5.3  1.   4.6 -0.4 -0.1 -0.6 -0.2 -0.8 -0.6  5.1  2.   6.1  4.  -0.4  1.1  0.6 -0.5 -2.   1.5 -0.2  1.5  6.7 -0.1 -0.1  0.3 -0.9  0.1  2.7 -0.3 -0.6 -0.1  2.4  0.7 -0.8  2.  -0.3 -0.6  1.3 -0.  -1.4  1.3 -0.6 -0.1  4.   2.4  1.4  1.9 -1.5 -0.5  0.7 -0.1 -0.5  1.4 -0.6 -0.1 -0.   0.2  4.8  0.6 -0.6  0.5 -0.5 -0.3  5.6  1.5  0.9  4.   1.1  2.3 -0.6 -0.4  3.5  4.2  2.9  1.  -1.3 -0.4 -0.2 -0.   0.9 -0.6 -0.4 -0.6  0.2 -0.8  2.6  1.3 -0.6  1.5 -0.7 -1.1  5.3 -0.1  0.8  4.6  2.1 -0.1 -1.6  1.  -0.5  1.1  5.   1.8  1.2  1.5 -0.7 -0.3  0.3 -0.3 -0.3 -0.4 -0.5  2.   2.3 -0.2 -0.   2.1 -0.3 -0.6  2.5  3.6  3.1 -0.   1.4 -0.6 -0.1 -0.2  0.1 -0.2 -1.1 -0.7  0.4  0.  -0.5  2.4 -0.7 -0.2  0.2  3.4  0.7 -1.   0.3  2.2  1.   3.9 -0.4 -0.3  2.1  3.1 -1.4 -0.6  1.4  0.3  1.4 -0.2 -1.1 -0.8  2.   1.  -0.  -1.7  0.1 -0.6 -0.5 -0.1 -0.   1.2 -0.2  2.3 -0.2 -0.   1.3  1.5  1.4  0.5 -0.1 -0.1 -0.2 -1.4]
ty_50sample [[5 0 3 3]
 [2 0 3 2]
 [8 8 3 2]
 [9 9 2 0]
 [0 8 2 7]
 [8 3 6 9]
 [6 5 5 9]
 [7 4 0 2]
 [0 0 0 0]
 [1 5 8 0]]
tt_50sample [[5 0 3 3]
 [2 0 3 2]
 [8 8 3 2]
 [9 9 2 0]
 [0 8 2 7]
 [8 3 6 9]
 [6 5 5 9]
 [7 4 0 2]
 [0 0 0 0]
 [1 5 8 0]]
vm  [-0.7 -0.9 -0.1  2.2  3.5 -1.2  6.4  4.1  2.6  1.9  0.2  3.5 -0.9 -0.2 -0.2 -0.3 -1.6  2.8 -1.5 -0.4 -1.9  3.5  1.3 -0.3 -0.6  1.  -1.3 -1.9 -0.8 -0.6  6.5 -1.5  4.7 -0.7 -0.7  3.1 -0.9  6.7 -1.   7.8 -1.  -0.8 -0.8  4.   1.1  5.2  3.1  4.   3.9  0.6 -0.4  2.2  5.9  6.1  2.9  2.8  0.9 -1.2 -0.1 -0.4  0.2  1.2 -0.6 -1.2 -1.  -1.5 -1.5  3.4 -0.8 -2.   1.1  3.8  1.7 -1.4  1.9  0.6  4.4 -0.6 -0.6 -0.8  4.8 -0.7 -0.1 -0.9 -0.7 -1.  -0.7 -2.2  0.2 -0.7  1.7 -0.8 -0.7  5.7 -0.2  2.5  4.9  3.9 -0.7  1.4  2.4 -0.7  3.4  0.7 -0.9 -0.4 -0.6 -0.6 -0.5  1.9  5.  -0.5 -0.2  0.4  2.   1.7  5.5 -0.9 -0.1  4.5  0.6 -0.7 -1.1  0.7  3.5  2.5 -0.9  1.9  1.4 -0.1 -0.2  3.1 -0.1 -0.5  1.  -0.5  0.   2.3  1.8 -1.4 -0.6 -1.3  3.  -0.3  1.4  1.6  3.8  4.  -0.1 -0.3 -1.6  0.5  7.8  1.3  3.4 -0.6 -1.5 -0.8  1.3  1.5  1.5 -0.8  3.5 -0.6  0.7 -1.4 -0.4  7.3 -0.3  5.3 -0.4 -1.3 -0.3 -0.5 -0.9 -0.4 -2.3 -0.4 -2.2 -0.1 -0.7  2.2  2.6  4.  -1.3  3.8  2.1 -0.8 -0.  -1.1  2.9  9.3  2.6  1.6 -0.7 12.3  2.5 -1.5 -1.2 -0.  -0.8  3.6  1.4  6.7 -0.4 -1.4 -0.5 -1.   5.   3.3  7.7  6.3 -0.6 -0.4  6.8 -0.7 -0.5  2.2 -1.4  0.5 -0.3  2.6  1.5  4.2 -1.2  1.3  5.4  2.8  8.9 -0.2  3.1  3.7 -0.1  4.5  5.1  0.3 -0.4 -1.5 -2.   1.9  1.   0.8 -0.6 -0.9 -0.3  0.7 -1.4  3.7  2.7 -0.6 -0.   2.   1.3 -0.2  0.6  2.4]
vy_50sample [[8 6 8 8]
 [1 0 2 1]
 [1 1 1 3]
 [4 4 9 9]
 [8 2 0 2]
 [5 5 5 5]
 [1 4 2 2]
 [0 0 0 0]
 [5 5 3 5]
 [6 6 3 8]]
vt_50sample [[8 9 9 5]
 [0 4 1 2]
 [6 3 4 1]
 [9 1 3 8]
 [8 2 0 3]
 [5 0 8 6]
 [0 4 2 1]
 [2 1 0 0]
 [6 0 9 6]
 [9 2 6 6]]
Epoch   410: Training cost= 0.1998, Training acc= 0.6024, Validation cost= 5.1984, Validation acc= 0.1433
Epoch   420: Training cost= 0.1777, Training acc= 0.6115, Validation cost= 5.2873, Validation acc= 0.1435
Epoch   430: Training cost= 0.1650, Training acc= 0.6203, Validation cost= 5.3961, Validation acc= 0.1436
Epoch   440: Training cost= 0.1466, Training acc= 0.6288, Validation cost= 5.5073, Validation acc= 0.1437
Epoch   450: Training cost= 0.1370, Training acc= 0.6368, Validation cost= 5.5867, Validation acc= 0.1439
Epoch   460: Training cost= 0.1305, Training acc= 0.6446, Validation cost= 5.6444, Validation acc= 0.1440
Epoch   470: Training cost= 0.1158, Training acc= 0.6520, Validation cost= 5.6884, Validation acc= 0.1442
Epoch   480: Training cost= 0.0991, Training acc= 0.6592, Validation cost= 5.7724, Validation acc= 0.1443
Epoch   490: Training cost= 0.0881, Training acc= 0.6661, Validation cost= 5.8889, Validation acc= 0.1444
Epoch   500: Training cost= 0.0766, Training acc= 0.6727, Validation cost= 6.0096, Validation acc= 0.1445
tm  [-1.1  2.  -0.6 -1.5  2.   4.   0.5 -0.5 -0.9 -0.4 -0.2  1.1  3.9 -1.2 -0.8 -0.4  1.7  1.9 -0.9  0.4  2.3  5.4 -0.1 -0.1 -0.6 -0.4 -1.3  3.7  3.3  4.   1.4  2.  -0.   2.3  5.8  0.8 -0.  -1.  -0.5  0.2  0.8 -1.   5.8  5.7  1.3  4.5  3.8  3.3  3.  -0.3  2.1 -0.2 -0.6  2.4 -1.  -0.4  5.1  1.8 -1.2  5.6  0.6 -0.7  0.7  0.5  3.6  0.1  1.4 -0.5 -0.3 -1.  -0.4 -0.5  0.1  0.3 -0.1  0.3 -1.3  6.8  1.5  5.6 -0.7 -0.  -0.7 -0.1 -1.  -0.9  6.1  2.3  8.   4.6 -0.1  1.   1.  -0.4 -2.4  1.7 -0.1  3.2  7.9 -0.1 -0.1  0.4 -0.9  0.6  2.9 -0.1 -0.5  0.   2.   0.4 -1.1  2.  -0.6 -1.   1.9  0.4 -1.   0.7 -0.9 -0.1  5.1  1.9  1.7  1.  -1.8 -0.2  1.5 -0.1 -0.8  1.8 -0.8 -0.1 -0.1  1.5  5.6  1.4 -0.6  0.4 -0.4  0.5  6.9  2.1  1.1  5.6  1.   3.6 -0.4 -0.4  4.4  4.9  3.7  1.8 -1.5 -0.2 -0.3 -0.2  0.3 -0.6 -0.6 -0.6  0.1 -1.1  2.9  2.3 -0.6  1.6 -0.7 -1.2  6.9  0.6  0.2  4.9  2.9  0.  -1.8  2.7 -0.9  0.7  6.4  1.7  1.7  2.7 -0.9 -0.1  0.5 -0.3 -0.4 -0.1 -0.6  3.2  2.1 -0.4  0.8  2.4 -0.6 -0.2  3.4  3.9  2.9 -0.2  2.  -0.6 -0.1 -0.2 -0.  -0.4 -1.5 -0.5  0.3  0.2 -0.9  2.8 -0.9 -0.5  0.1  5.7 -0.  -1.2 -0.1  2.   1.1  4.8 -0.1 -0.3  2.5  3.4 -1.7 -0.9  2.3  1.4  2.6 -0.3 -1.2 -0.8  3.   1.8 -0.1 -2.  -0.1 -0.7 -0.4 -0.4 -0.1  1.9 -0.4  2.4 -0.3  0.4  1.6  1.   2.3  1.8  0.2 -0.2  0.9 -1.9]
ty_50sample [[5 0 3 3]
 [2 0 3 2]
 [8 8 3 2]
 [9 9 2 0]
 [0 8 2 7]
 [8 3 6 9]
 [6 5 5 9]
 [7 4 0 2]
 [0 0 0 0]
 [1 5 8 0]]
tt_50sample [[5 0 3 3]
 [2 0 3 2]
 [8 8 3 2]
 [9 9 2 0]
 [0 8 2 7]
 [8 3 6 9]
 [6 5 5 9]
 [7 4 0 2]
 [0 0 0 0]
 [1 5 8 0]]
vm  [-0.5 -0.9 -0.1  2.6  4.3 -1.2  7.6  4.6  3.5  2.5 -0.1  4.1 -1.3 -0.3 -0.2 -0.7 -1.8  2.8 -1.7 -0.4 -2.1  4.7  1.8 -0.3 -0.6  1.8 -1.5 -1.9 -0.9 -0.6  8.4 -1.9  4.5 -0.9 -0.7  3.9 -1.2  8.6 -1.3  9.3 -1.4 -0.8 -0.8  4.6  1.4  6.6  3.5  4.5  5.3  0.7 -0.7  2.6  7.5  7.6  3.2  3.8  0.8 -1.6 -0.  -0.2 -0.2  0.9 -0.7 -1.5 -0.9 -1.8 -1.7  3.6 -1.  -2.4  1.1  4.9  2.  -1.7  2.7  0.8  5.7 -0.5 -0.9 -1.   5.4 -0.7 -0.  -1.2 -0.8 -1.1 -0.7 -2.6  1.2 -0.7  2.2 -0.8 -0.9  7.4 -0.2  3.1  6.8  5.1 -0.9  1.6  2.5 -0.9  4.3  1.  -0.8 -0.5 -0.4 -0.5 -0.8  2.3  5.6 -0.4 -0.3 -0.   2.2  2.4  7.2 -1.2 -0.   5.3  0.1 -1.  -1.3  1.2  4.2  3.3 -1.2  2.7  1.4  0.  -0.2  3.8 -0.2 -0.4  1.3 -0.5  0.3  2.9  2.5 -1.5 -0.7 -1.8  3.9 -0.1  1.6  1.9  4.9  4.6 -0.2 -0.1 -1.7  0.6  9.4  1.7  4.6 -0.9 -2.  -1.1  1.5  1.6  1.4 -1.1  4.1 -0.6  0.9 -1.8 -0.3  9.5 -0.1  7.5 -0.6 -1.4 -0.5 -0.6 -1.3 -0.3 -2.8 -0.6 -3.   0.3 -0.8  2.7  2.9  4.9 -1.5  5.5  2.6 -0.7 -0.  -1.3  3.9 10.4  3.4  1.8 -1.  15.2  3.4 -2.1 -1.3 -0.1 -0.9  4.9  1.8  8.4 -0.5 -1.7 -0.5 -1.1  6.7  4.5  9.3  7.8 -0.9 -0.5  8.7 -0.9 -0.8  2.6 -1.6  0.6 -0.4  2.9  2.3  4.4 -1.4  1.6  6.7  3.5 10.8 -0.3  4.3  4.7 -0.1  5.5  7.3  0.8 -0.2 -1.9 -2.3  3.2  1.2  1.  -0.8 -0.9 -0.3  0.3 -1.8  4.4  3.6 -0.8  0.2  2.6  1.9 -0.3  1.4  3. ]
vy_50sample [[3 6 6 3]
 [1 1 1 1]
 [1 1 1 3]
 [9 4 2 9]
 [5 5 5 2]
 [5 0 0 5]
 [1 4 4 2]
 [0 0 0 0]
 [5 5 3 5]
 [6 6 3 8]]
vt_50sample [[8 9 9 5]
 [0 4 1 2]
 [6 3 4 1]
 [9 1 3 8]
 [8 2 0 3]
 [5 0 8 6]
 [0 4 2 1]
 [2 1 0 0]
 [6 0 9 6]
 [9 2 6 6]]
Epoch   510: Training cost= 0.0736, Training acc= 0.6792, Validation cost= 6.1090, Validation acc= 0.1445
Epoch   520: Training cost= 0.0661, Training acc= 0.6853, Validation cost= 6.1895, Validation acc= 0.1446
Epoch   530: Training cost= 0.0578, Training acc= 0.6912, Validation cost= 6.2892, Validation acc= 0.1447
Epoch   540: Training cost= 0.0509, Training acc= 0.6970, Validation cost= 6.3875, Validation acc= 0.1448
Epoch   550: Training cost= 0.0440, Training acc= 0.7025, Validation cost= 6.4888, Validation acc= 0.1448
Epoch   560: Training cost= 0.0414, Training acc= 0.7078, Validation cost= 6.6031, Validation acc= 0.1449
Epoch   570: Training cost= 0.0397, Training acc= 0.7129, Validation cost= 6.7129, Validation acc= 0.1449
Epoch   580: Training cost= 0.0387, Training acc= 0.7179, Validation cost= 6.7718, Validation acc= 0.1450
Epoch   590: Training cost= 0.0369, Training acc= 0.7226, Validation cost= 6.8507, Validation acc= 0.1450
Epoch   600: Training cost= 0.0325, Training acc= 0.7273, Validation cost= 6.9018, Validation acc= 0.1451
tm  [-1.3  1.8 -0.5 -1.7  2.3  5.   0.9 -0.6 -0.9 -0.5 -0.3  1.5  4.4 -1.1 -1.  -0.4  1.9  2.1 -0.9  0.7  2.8  6.  -0.1 -0.  -0.7 -0.4 -1.4  4.1  4.   4.5  1.8  2.7  0.7  2.8  6.4  0.6  0.1 -1.1 -0.6  0.5  1.2 -1.   6.   6.7  1.7  4.5  4.2  3.6  3.5 -0.4  2.8 -0.3 -0.6  2.3 -1.1 -0.4  5.4  2.2 -1.1  6.1  0.9 -0.7  0.8  0.8  3.9 -0.   2.  -0.6 -0.3 -1.1 -0.5 -0.7  0.1  0.2 -0.2 -0.  -1.5  7.2  1.7  6.  -0.8 -0.  -0.6 -0.1 -1.  -0.9  6.3  2.6  9.6  5.1 -0.   0.6  1.1 -0.4 -2.8  1.5 -0.2  3.1  8.6 -0.1 -0.1  0.2 -0.9  1.2  2.8  0.1 -0.5  0.1  2.7  0.9 -1.3  2.2 -0.6 -0.9  2.5  0.9 -1.1  0.9 -1.1 -0.1  6.2  2.6  2.2  1.3 -1.9 -0.3  1.7 -0.1 -1.   2.2 -0.9 -0.  -0.1  1.3  6.8  1.5 -0.6  0.4 -0.5  0.5  7.8  2.7  1.1  5.9  1.4  4.2 -0.4 -0.4  4.9  5.2  3.6  2.2 -1.7 -0.3 -0.3 -0.   1.4 -0.6 -0.7 -0.6  0.2 -1.2  2.7  2.2 -0.7  1.9 -0.8 -1.2  7.5  0.5  0.3  5.6  3.4  0.6 -1.9  3.6 -1.   0.6  7.4  1.   1.6  3.1 -1.  -0.2  0.5 -0.5 -0.2 -0.1 -0.6  4.   2.4 -0.3  1.1  2.9 -0.5 -0.1  4.1  4.6  2.3 -0.2  2.2 -0.6 -0.1 -0.3 -0.  -0.2 -1.5 -0.3  0.9  0.8 -0.9  3.4 -0.9 -0.5  0.2  6.5 -0.  -1.3 -0.2  2.3  1.8  5.7  0.  -0.3  2.7  4.1 -1.8 -1.   2.8  1.6  2.9 -0.4 -1.3 -0.9  3.3  2.1  0.1 -2.3 -0.2 -0.6 -0.5 -0.5 -0.   1.7 -0.4  2.3 -0.3 -0.1  1.6  1.3  3.   2.2  0.1 -0.2  1.4 -2.1]
ty_50sample [[5 0 3 3]
 [2 0 3 2]
 [8 8 3 2]
 [9 9 2 0]
 [0 8 2 7]
 [8 3 6 9]
 [6 5 5 9]
 [7 4 0 2]
 [0 0 0 0]
 [1 5 8 0]]
tt_50sample [[5 0 3 3]
 [2 0 3 2]
 [8 8 3 2]
 [9 9 2 0]
 [0 8 2 7]
 [8 3 6 9]
 [6 5 5 9]
 [7 4 0 2]
 [0 0 0 0]
 [1 5 8 0]]
vm  [-0.5 -1.1  0.   3.7  6.2 -1.1  8.4  5.6  4.3  3.1 -0.2  5.7 -1.7 -0.1 -0.3 -0.9 -2.   2.6 -2.1 -0.3 -2.6  5.2  1.7 -0.2 -0.7  2.8 -1.6 -2.2 -0.9 -0.6 10.1 -2.2  6.3 -1.  -1.   5.6 -1.4 10.5 -1.6 11.1 -1.7 -0.7 -0.8  6.2  2.6  7.8  3.2  4.8  6.4  0.8 -0.4  3.   9.3  8.4  4.   5.6  1.5 -1.8  0.7 -0.3 -0.5  0.8 -0.7 -1.7 -1.  -2.3 -2.   5.1 -1.2 -2.8  1.5  5.5  2.4 -2.1  2.6  1.2  7.  -0.6 -0.9 -1.   5.9 -0.7  0.3 -1.4 -0.8 -1.  -0.9 -3.   1.9 -0.9  2.8 -1.  -1.   8.9 -0.5  3.2  8.9  5.8 -1.3  2.   3.1 -1.2  5.2  0.8 -0.8 -0.4 -0.5 -0.4 -1.   2.9  7.2 -0.5 -0.3  0.7  2.8  2.5  8.4 -1.2  0.5  6.3 -0.  -1.3 -1.5  1.7  5.7  4.  -1.3  4.   1.3  0.3 -0.1  4.7  0.2 -0.5  2.  -0.5  1.2  3.3  4.1 -2.1 -0.7 -2.3  4.5 -0.2  2.3  1.5  4.9  5.9 -0.4 -0.1 -2.   1.1 10.2  2.   5.4 -1.2 -2.4 -1.3  1.4  2.   1.9 -1.   4.8 -0.8  2.1 -1.9 -0.2 11.2  0.3  9.3 -0.6 -1.6 -0.5 -0.6 -1.4 -0.2 -3.1 -0.5 -3.6  0.8 -1.   3.   3.3  5.9 -1.9  6.6  3.  -0.7 -0.2 -1.6  4.9 11.1  4.2  1.8 -1.  18.2  4.6 -2.3 -1.4 -0.3 -0.9  5.5  3.  10.8 -0.6 -1.7 -0.2 -1.2  8.2  5.3 11.   9.  -0.9 -0.6 10.4 -0.8 -0.8  3.  -1.9  1.7 -0.5  3.8  3.3  4.6 -1.9  1.9  8.5  4.3 12.4 -0.3  5.4  5.7  0.5  6.5  8.6  1.5  0.1 -2.  -2.7  4.5  1.   1.4 -0.8 -1.1 -0.1  0.2 -2.3  4.8  4.5 -1.   1.   2.5  2.5 -0.3  1.4  4. ]
vy_50sample [[6 6 6 3]
 [1 1 1 1]
 [1 1 6 3]
 [2 4 2 9]
 [8 8 2 2]
 [5 7 0 5]
 [1 4 4 1]
 [0 0 0 0]
 [5 5 3 5]
 [6 6 3 8]]
vt_50sample [[8 9 9 5]
 [0 4 1 2]
 [6 3 4 1]
 [9 1 3 8]
 [8 2 0 3]
 [5 0 8 6]
 [0 4 2 1]
 [2 1 0 0]
 [6 0 9 6]
 [9 2 6 6]]
Epoch   610: Training cost= 0.0314, Training acc= 0.7317, Validation cost= 6.9768, Validation acc= 0.1451
Epoch   620: Training cost= 0.0302, Training acc= 0.7361, Validation cost= 7.0278, Validation acc= 0.1452
Epoch   630: Training cost= 0.0284, Training acc= 0.7402, Validation cost= 7.0988, Validation acc= 0.1452
Epoch   640: Training cost= 0.0277, Training acc= 0.7443, Validation cost= 7.1523, Validation acc= 0.1452
Epoch   650: Training cost= 0.0266, Training acc= 0.7482, Validation cost= 7.1864, Validation acc= 0.1452
Epoch   660: Training cost= 0.0272, Training acc= 0.7520, Validation cost= 7.2266, Validation acc= 0.1452
Epoch   670: Training cost= 0.0297, Training acc= 0.7557, Validation cost= 7.1885, Validation acc= 0.1453
Epoch   680: Training cost= 0.0263, Training acc= 0.7593, Validation cost= 7.2118, Validation acc= 0.1453
Epoch   690: Training cost= 0.0288, Training acc= 0.7628, Validation cost= 7.2267, Validation acc= 0.1454
Epoch   700: Training cost= 0.0257, Training acc= 0.7662, Validation cost= 7.1277, Validation acc= 0.1454
tm  [-1.4  1.7 -0.5 -1.8  2.5  5.5  1.6 -0.7 -0.8 -0.3 -0.3  2.3  4.9 -1.1 -0.9 -0.2  1.3  1.8 -0.8  0.2  2.8  6.2 -0.1 -0.1 -0.8 -0.6 -1.5  4.6  5.2  4.   1.6  2.5  0.7  2.8  6.2  0.5  0.1 -1.1 -0.5  1.1  1.6 -1.2  5.7  6.2  1.1  5.   4.4  3.7  3.4 -0.5  2.5 -0.2 -0.5  3.3 -1.2 -0.4  5.   1.4 -1.1  6.3  0.5 -0.8  1.8  1.1  3.9 -0.2  2.2 -0.5 -0.2 -1.4 -0.6 -1.   0.2  0.5 -0.4 -0.1 -1.5  7.8  1.4  6.2 -0.7 -0.2 -0.7 -0.  -1.  -1.1  6.1  2.4  9.3  5.8 -0.2  0.8  1.1 -0.7 -2.9  0.7 -0.4  3.5  8.7  0.2 -0.1  0.3 -0.8  1.3  3.   0.3 -0.5 -0.1  1.9  0.7 -1.3  1.8 -0.5 -1.2  2.2  1.8 -1.2  0.5 -1.2 -0.1  6.6  2.9  2.4  1.1 -1.9 -0.3  2.4 -0.  -0.9  2.1 -0.9 -0.1 -0.2  1.7  6.6  1.9 -0.8  0.  -0.5  0.6  7.8  3.1  0.9  6.3  2.5  3.7 -0.3 -0.3  5.1  6.   3.4  1.9 -1.9 -0.4 -0.3 -0.1  1.3 -0.5 -0.8 -0.7 -0.  -1.2  3.1  2.  -0.7  1.7 -1.  -1.2  8.   0.5 -0.1  5.9  3.9  0.3 -2.1  3.4 -1.   0.4  7.7  0.6  1.5  3.3 -1.1 -0.2  0.2 -0.5 -0.4 -0.2 -0.8  4.3  2.7 -0.3  1.1  3.4 -0.5 -0.2  4.3  5.2  2.1 -0.1  2.5 -0.7 -0.1 -0.3  0.1 -0.3 -1.4 -0.3  0.3  1.  -0.9  3.5 -1.  -0.5 -0.   6.6  0.3 -1.4 -0.3  3.2  1.1  5.4 -0.1 -0.1  3.2  4.3 -2.  -1.1  3.6  1.2  2.5 -0.4 -1.1 -1.   2.7  1.5 -0.  -2.4 -0.4 -0.6 -0.2 -0.4 -0.2  2.1 -0.4  2.3 -0.3 -0.1  1.2  1.5  3.3  2.8  0.9  0.6  1.4 -2. ]
ty_50sample [[5 0 3 3]
 [2 0 3 2]
 [8 8 3 2]
 [9 9 2 0]
 [0 8 2 7]
 [8 3 6 9]
 [6 5 5 9]
 [7 4 0 2]
 [0 0 0 0]
 [1 5 8 0]]
tt_50sample [[5 0 3 3]
 [2 0 3 2]
 [8 8 3 2]
 [9 9 2 0]
 [0 8 2 7]
 [8 3 6 9]
 [6 5 5 9]
 [7 4 0 2]
 [0 0 0 0]
 [1 5 8 0]]
vm  [-0.5 -1.3 -0.   3.9  6.5 -1.5  8.9  6.1  5.3  3.5 -0.3  5.5 -1.7 -0.2 -0.2 -1.3 -2.3  3.6 -2.3 -0.6 -2.7  5.3  2.3  0.2 -0.7  3.1 -1.7 -2.1 -1.  -0.7 10.1 -2.5  6.1 -1.2 -1.1  6.3 -1.6 11.4 -1.8 12.4 -2.  -0.5 -1.2  6.5  2.6  8.9  4.1  5.5  7.1  1.1 -0.8  3.1  9.8  9.5  4.3  5.8  1.5 -1.9  0.8 -0.4 -0.5  0.7 -1.  -1.9 -1.1 -2.5 -1.9  4.8 -1.2 -2.9  1.3  7.4  2.3 -2.2  2.2  1.4  8.2 -0.9 -0.9 -1.   5.8 -1.   0.2 -1.4 -0.9 -1.3 -0.9 -3.   1.6 -1.   2.3 -1.  -1.   9.4 -0.6  3.6 10.3  6.1 -1.6  2.   4.9 -1.4  4.9 -0.1 -0.6 -0.4 -0.5 -0.5 -1.1  3.2  7.1 -0.4 -0.3  0.8  2.7  2.2  9.5 -1.3  0.5  6.3 -0.2 -1.6 -1.4  1.9  5.3  4.4 -1.1  5.4  1.8  0.9 -0.2  4.8 -0.2 -0.6  2.  -0.1  0.9  3.7  4.7 -2.1 -0.7 -2.3  5.  -0.1  2.4  0.7  6.2  6.1 -0.6  0.7 -1.9  1.  10.5  1.9  6.6 -1.2 -2.8 -1.2  1.1  1.4  2.5 -1.1  4.9 -1.1  3.  -2.1 -0.2 12.   1.  10.  -0.6 -1.7 -0.8 -0.8 -1.6 -0.2 -3.4 -0.5 -4.1  1.8 -1.4  2.6  3.5  6.6 -2.1  7.6  3.  -0.5  0.2 -1.6  5.9 12.2  4.1  2.7 -1.3 19.4  4.8 -2.6 -1.3 -0.4 -0.9  5.6  3.3 11.8 -0.8 -1.6 -0.  -1.5  8.5  4.7 11.9  9.1 -0.9 -0.8 10.2 -0.9 -0.9  3.5 -1.9  2.  -0.6  4.3  3.7  4.6 -2.   2.1  9.7  5.8 13.6 -0.3  5.5  6.9  0.8  6.7  9.8  1.4  0.1 -2.2 -3.   4.6  1.1  1.9 -1.  -1.1 -0.1  0.2 -2.6  5.   6.4 -1.   1.   3.2  3.  -0.5  2.3  4.3]
vy_50sample [[3 6 6 3]
 [1 1 1 1]
 [6 6 6 3]
 [2 4 2 9]
 [8 2 2 2]
 [5 7 0 0]
 [1 4 4 8]
 [0 0 0 0]
 [5 5 3 5]
 [6 6 3 8]]
vt_50sample [[8 9 9 5]
 [0 4 1 2]
 [6 3 4 1]
 [9 1 3 8]
 [8 2 0 3]
 [5 0 8 6]
 [0 4 2 1]
 [2 1 0 0]
 [6 0 9 6]
 [9 2 6 6]]
Epoch   710: Training cost= 0.0235, Training acc= 0.7695, Validation cost= 7.2477, Validation acc= 0.1454
Epoch   720: Training cost= 0.0192, Training acc= 0.7727, Validation cost= 7.2733, Validation acc= 0.1455
Epoch   730: Training cost= 0.0171, Training acc= 0.7758, Validation cost= 7.3125, Validation acc= 0.1455
Epoch   740: Training cost= 0.0159, Training acc= 0.7788, Validation cost= 7.4408, Validation acc= 0.1456
Epoch   750: Training cost= 0.0137, Training acc= 0.7818, Validation cost= 7.4484, Validation acc= 0.1456
Epoch   760: Training cost= 0.0125, Training acc= 0.7847, Validation cost= 7.5181, Validation acc= 0.1457
Epoch   770: Training cost= 0.0123, Training acc= 0.7875, Validation cost= 7.5834, Validation acc= 0.1457
Epoch   780: Training cost= 0.0120, Training acc= 0.7902, Validation cost= 7.6489, Validation acc= 0.1458
Epoch   790: Training cost= 0.0118, Training acc= 0.7928, Validation cost= 7.6817, Validation acc= 0.1458
Epoch   800: Training cost= 0.0107, Training acc= 0.7954, Validation cost= 7.7183, Validation acc= 0.1458
tm  [-1.6  2.6 -0.3 -2.5  2.1  5.6  0.8 -0.4 -0.8 -0.6 -0.6  2.9  5.2 -1.4 -1.  -0.2  2.2  2.4 -1.1  0.4  3.7  6.9 -0.1 -0.1 -0.8 -0.7 -1.6  4.9  5.1  4.6  1.3  2.5  0.3  1.9  7.4 -0.   0.5 -1.2 -0.8  0.7  1.8 -1.1  8.1  7.2  0.5  4.6  5.4  4.7  3.5 -0.3  4.9 -0.1 -0.7  2.8 -1.4 -0.4  5.8  3.4 -1.6  8.2  1.  -0.7  2.3  0.   4.9  0.   0.9 -0.4 -0.4 -1.4 -0.6 -1.1 -0.2  1.9 -0.4 -0.2 -1.7  9.2  2.8  6.5 -0.5 -0.  -0.7 -0.1 -1.1 -1.2  8.   2.1 10.3  6.6  0.1  0.4  2.9 -0.7 -3.1  1.6 -0.5  4.1 10.8  0.4  0.4  1.3 -0.9  1.1  3.1  0.4 -0.7 -0.   3.1  0.3 -1.3  2.4 -0.9 -1.5  3.1  1.8 -1.   0.6 -1.5 -0.1  8.1  2.2  3.4  1.3 -2.4 -0.3  3.9 -0.  -0.9  1.8 -1.  -0.3 -0.2  1.5  7.5  2.8 -0.6  0.3 -0.7  1.   9.6  4.2  0.   7.8  2.1  4.7 -0.5 -0.6  6.8  6.5  4.4  3.  -2.  -0.4 -0.6 -0.2  2.1 -0.4 -0.8 -0.8 -0.2 -1.3  4.6  3.7 -0.9  2.4 -1.2 -1.4  9.   1.4  0.6  6.7  4.8  0.1 -2.   5.  -1.3  0.6  9.9  0.2  2.5  5.3 -1.4 -0.2 -0.  -0.5 -0.2 -0.  -0.7  5.1  2.6 -0.5  2.3  3.6 -0.7 -0.2  5.1  4.5  2.7  0.9  3.5 -1.  -0.1 -0.4  1.  -0.5 -1.7 -0.3 -0.4  0.6 -1.6  3.3 -1.2 -0.4  0.3  8.6  0.7 -1.6 -0.5  3.1  2.7  5.8 -0.1  0.4  3.7  3.9 -2.1 -1.4  4.2  2.2  3.5 -0.5 -1.5 -0.8  3.3  0.8 -0.2 -2.7 -0.3 -0.8 -0.  -0.7 -0.4  1.9 -0.6  2.4 -0.6  1.2  1.9  1.4  4.5  3.7  1.6  0.5  2.9 -2.6]
ty_50sample [[5 0 3 3]
 [2 0 3 2]
 [8 8 3 2]
 [9 9 2 0]
 [0 8 2 7]
 [8 3 6 9]
 [6 5 5 9]
 [7 4 0 2]
 [0 0 0 0]
 [1 5 8 0]]
tt_50sample [[5 0 3 3]
 [2 0 3 2]
 [8 8 3 2]
 [9 9 2 0]
 [0 8 2 7]
 [8 3 6 9]
 [6 5 5 9]
 [7 4 0 2]
 [0 0 0 0]
 [1 5 8 0]]
vm  [-0.5 -1.3  0.5  4.1  7.  -1.5  9.5  6.6  6.2  3.3 -0.2  5.6 -1.7 -0.  -0.1 -1.4 -2.2  3.2 -2.4 -0.5 -2.8  5.9  1.5  0.6 -0.8  3.3 -1.9 -2.1 -0.9 -0.8 10.3 -2.6  6.1 -1.2 -1.1  6.5 -1.6 11.5 -1.7 13.1 -2.1 -0.6 -1.1  6.1  3.   9.7  3.6  4.7  7.9  0.5 -0.7  3.3 10.9  9.8  4.8  6.5  1.5 -2.1  1.1 -0.6 -0.6  1.  -1.  -2.  -0.9 -2.8 -1.9  5.6 -1.5 -2.9  1.   8.5  2.4 -2.2  2.8  1.8  8.7 -0.8 -0.9 -1.   5.8 -1.   0.4 -1.4 -0.8 -1.1 -0.8 -3.1  2.1 -1.   2.2 -0.9 -0.8 10.7 -0.6  4.  12.   6.3 -1.6  1.8  5.2 -1.5  4.6 -0.2 -0.5 -0.5 -0.5 -0.4 -1.4  3.6  7.4 -0.3 -0.3  0.6  3.3  2.4 10.  -1.2  0.   6.3 -0.3 -1.8 -1.4  2.8  5.   4.6 -1.1  5.9  1.9  0.9 -0.1  4.2  0.  -0.6  1.9 -0.1  1.1  3.7  4.7 -2.3 -0.9 -2.6  5.4 -0.   2.5  1.   6.7  6.3 -0.6  1.2 -1.9  0.9 10.8  2.7  6.5 -1.3 -3.1 -1.2  1.7  2.   2.3 -0.9  4.8 -1.2  3.4 -2.2 -0.1 12.7  1.7 11.  -0.7 -1.7 -0.9 -1.  -1.8 -0.2 -3.6 -0.3 -4.2  2.1 -1.5  2.5  3.2  6.8 -2.1  8.6  2.9 -0.4 -0.1 -1.6  5.5 12.8  4.8  2.6 -1.3 20.6  5.9 -2.9 -1.3 -0.4 -1.1  5.9  3.9 11.9 -1.  -1.6  0.3 -1.6  9.5  4.7 12.5 10.2 -0.8 -0.9 10.9 -0.9 -0.9  3.9 -2.   2.1 -0.8  5.2  3.8  4.3 -2.1  1.8 10.   5.8 14.5 -0.2  6.   7.2  0.8  7.7 11.5  2.3  0.3 -2.2 -3.2  5.1  1.6  2.3 -0.9 -1.  -0.1 -0.1 -2.8  5.6  6.8 -1.2  1.1  2.7  3.2 -0.4  2.3  5.2]
vy_50sample [[4 6 6 3]
 [1 1 1 1]
 [6 6 6 3]
 [2 4 2 9]
 [8 2 2 2]
 [5 7 0 0]
 [1 4 4 8]
 [0 0 0 0]
 [5 5 3 5]
 [6 6 3 8]]
vt_50sample [[8 9 9 5]
 [0 4 1 2]
 [6 3 4 1]
 [9 1 3 8]
 [8 2 0 3]
 [5 0 8 6]
 [0 4 2 1]
 [2 1 0 0]
 [6 0 9 6]
 [9 2 6 6]]
Epoch   810: Training cost= 0.0102, Training acc= 0.7979, Validation cost= 7.7661, Validation acc= 0.1458
Epoch   820: Training cost= 0.0101, Training acc= 0.8004, Validation cost= 7.7956, Validation acc= 0.1458
