Epoch    10: Training cost= 2.3402, Training acc= 0.1080, Validation cost= 2.3653, Validation acc= 0.1065
Epoch    20: Training cost= 2.1576, Training acc= 0.1415, Validation cost= 2.2445, Validation acc= 0.1222
Epoch    30: Training cost= 2.0692, Training acc= 0.1684, Validation cost= 2.1827, Validation acc= 0.1344
Epoch    40: Training cost= 2.0000, Training acc= 0.1896, Validation cost= 2.1945, Validation acc= 0.1420
Epoch    50: Training cost= 2.0138, Training acc= 0.2068, Validation cost= 2.1911, Validation acc= 0.1465
Epoch    60: Training cost= 1.9993, Training acc= 0.2210, Validation cost= 2.2192, Validation acc= 0.1483
Epoch    70: Training cost= 1.8947, Training acc= 0.2340, Validation cost= 2.3632, Validation acc= 0.1486
Epoch    80: Training cost= 1.9033, Training acc= 0.2462, Validation cost= 2.2769, Validation acc= 0.1496
Epoch    90: Training cost= 1.6908, Training acc= 0.2602, Validation cost= 2.2822, Validation acc= 0.1511
Epoch   100: Training cost= 1.6711, Training acc= 0.2751, Validation cost= 2.3209, Validation acc= 0.1528
tm  [-0.3 -0.6  0.4 -0.1 -0.2  1.  -0.5 -0.1 -0.3 -0.5 -0.  -0.1  1.2 -0.3 -0.1  0.1 -0.2  0.6  0.7 -0.1  1.1 -0.3 -0.1 -0.3 -0.6  1.  -0.5  0.   0.6 -0.4  1.5  0.5 -0.1  0.6  0.5  1.1  0.1 -0.5  0.9 -0.1 -0.4 -0.5 -0.1  0.5 -0.1  0.1  0.7  1.6 -0.3  0.9 -0.1  2.4  0.8  0.7  0.6  0.3 -0.2  0.7 -0.1 -0.1 -0.   1.5 -0.2  2.  -0.4  0.9 -0.3  0.9 -0.2 -0.4  1.3  0.8 -0.7 -0.3 -0.3  0.6  0.9  0.1 -0.  -0.2  1.  -0.2 -0.3  0.1  0.6 -0.   1.2  0.3  0.   1.9  0.1  1.2  1.1 -0.   0.8  0.1  0.2  0.  -0.1  1.   1.  -0.  -0.1 -0.2  1.2 -0.1 -0.3  0.8  0.8 -0.4 -0.4 -0.1 -0.6  0.   2.4  1.   0.9 -0.1 -0.5 -0.7  1.2  0.9  0.5  1.3 -0.1  0.6 -0.2 -0.3 -0.4 -0.2 -0.1 -0.7  0.2  0.9  2.   1.  -0.1  0.  -0.3 -0.6  0.6  1.6  1.  -0.6  0.2 -0.2 -0.6  0.9 -0.3  0.5  0.4 -0.  -0.2 -0.  -0.1 -0.7 -0.4  0.8 -0.1 -0.   0.5 -0.2 -0.4  1.  -0.1 -0.2  1.   1.2 -0.6 -0.1 -0.4  1.   1.1 -0.4 -0.5  0.5 -0.4  0.1 -0.4 -0.1 -0.5 -0.4  2.   2.2  0.8 -0.6  0.2  1.1  0.8  1.   0.4  0.4 -0.5 -0.5  0.4  1.7 -0.2 -0.3 -0.2  0.5 -0.1 -0.3  1.6 -0.3  0.2 -0.1 -0.6 -0.3 -0.4 -0.1 -0.  -0.1  0.4  0.3 -0.3  0.2 -0.3  0.8  0.3 -0.2 -0.2 -0.3 -0.3 -0.1  0.8  0.2 -0.1 -0.2  0.8 -0.3 -0.2  2.2  0.1 -0.6 -0.1  0.1  0.7  0.1  1.6 -0.   0.4 -0.3 -0.2  2.  -0.2 -0.  -0.  -0.2  1.4 -0.2  0.6  1.  -0.8 -0.1  1.1 -0.5]
ty_50sample [[0 0 0]
 [6 6 6]
 [0 0 0]
 [2 5 4]
 [9 5 5]
 [0 0 1]
 [2 2 2]
 [1 1 0]
 [4 4 5]
 [1 9 1]]
tt_50sample [[5 0 3]
 [4 6 4]
 [0 8 8]
 [5 3 4]
 [9 9 2]
 [0 3 1]
 [2 1 3]
 [4 1 2]
 [5 5 9]
 [0 6 9]]
vm  [-0.  -0.9 -0.6  2.2  0.8  0.2  1.5 -0.1 -0.2  2.4 -0.4  0.2 -0.5 -0.4  0.6  0.2 -0.5  0.  -0.3  1.7  0.1  1.1 -0.2 -0.2 -0.7  2.  -0.2 -0.1 -0.3 -0.6  1.9 -0.3  0.1 -0.6 -0.2  1.9  0.5  3.2 -0.8  1.9 -0.5  0.7  0.5  2.2 -0.3  3.2  0.7  2.4 -0.3  1.6  1.6  0.7  1.5  2.3 -0.1 -0.4 -0.4 -0.2 -0.  -0.1  0.1 -0.1 -0.  -0.2 -1.1 -0.4 -0.5 -0.1 -0.2 -1.2  0.7  1.8  0.7 -0.3  0.1 -0.3 -0.2 -0.7  1.4 -0.2  0.9 -0.5  0.2 -0.7 -0.2 -0.7 -0.  -0.1 -0.4 -0.3  0.5 -0.   0.6  0.5  0.1  0.   1.2  1.3 -0.3  1.2  0.5 -0.1  0.1  0.4  0.1  0.9 -1.3 -1.  -0.5  0.4  1.6  0.8 -0.5 -0.3  1.3  1.5  2.2 -0.6  1.7 -0.3  0.2  0.3 -0.6  0.2 -0.1  0.1 -0.2 -0.1  2.2  1.3 -0.3  1.2  0.4 -0.2  2.6  0.   0.6  1.8 -0.2  0.4  2.8 -0.1  2.7 -0.  -0.2 -0.3  0.5 -0.1  1.8 -0.1 -0.4  0.2  0.6  1.1 -0.4 -0.2 -0.3 -0.9 -0.2  1.4 -0.3  0.3  0.5 -0.1 -0.1 -0.6 -0.3  1.1 -0.2 -0.2  0.4 -0.4 -0.6 -0.5 -0.5 -0.5 -0.3  0.4 -0.6  3.2 -0.6 -0.1  0.9  1.  -0.3 -0.1  0.  -0.1  1.  -0.5 -0.2  0.4  0.8 -0.2  1.2  1.3 -0.6 -0.3 -0.3 -0.5  0.6  0.6 -0.   1.8  0.4 -0.7 -0.  -0.5 -0.4  1.1  4.2 -0.  -0.3  2.7  0.9  0.   0.3 -0.2 -0.2  0.1 -0.   0.6  0.5  2.3  1.5  1.2  0.4  0.4  1.6  0.3  0.4  1.3  1.   0.4  0.3 -0.2 -0.7 -0.2 -0.1 -0.4 -0.8  0.8  0.2  0.  -0.1  2.1 -0.2  1.5  1.8 -0.4  0.2 -0.5 -0.3  0.2  0.2 -0.4]
vy_50sample [[6 6 6]
 [1 6 1]
 [1 1 1]
 [1 0 1]
 [1 1 4]
 [7 8 7]
 [5 5 2]
 [1 1 1]
 [3 3 3]
 [5 5 5]]
vt_50sample [[8 9 1]
 [4 6 1]
 [6 3 0]
 [2 1 3]
 [1 5 6]
 [8 4 2]
 [3 7 6]
 [1 3 1]
 [8 3 0]
 [9 7 8]]
Epoch   110: Training cost= 1.4796, Training acc= 0.2918, Validation cost= 2.3768, Validation acc= 0.1548
Epoch   120: Training cost= 1.3634, Training acc= 0.3086, Validation cost= 2.4017, Validation acc= 0.1567
Epoch   130: Training cost= 1.3174, Training acc= 0.3254, Validation cost= 2.4930, Validation acc= 0.1582
Epoch   140: Training cost= 1.1555, Training acc= 0.3413, Validation cost= 2.6338, Validation acc= 0.1592
Epoch   150: Training cost= 1.0786, Training acc= 0.3572, Validation cost= 2.7036, Validation acc= 0.1600
Epoch   160: Training cost= 0.9673, Training acc= 0.3737, Validation cost= 2.8328, Validation acc= 0.1609
Epoch   170: Training cost= 0.8919, Training acc= 0.3902, Validation cost= 2.9911, Validation acc= 0.1619
Epoch   180: Training cost= 0.7997, Training acc= 0.4057, Validation cost= 3.1246, Validation acc= 0.1625
Epoch   190: Training cost= 0.8188, Training acc= 0.4196, Validation cost= 3.1318, Validation acc= 0.1627
Epoch   200: Training cost= 0.7427, Training acc= 0.4336, Validation cost= 3.2279, Validation acc= 0.1629
tm  [ 0.6 -0.8  0.  -0.3 -0.2  1.  -0.5  1.2 -0.2 -0.3 -0.4 -0.2  1.4 -0.1 -0.4 -0.1 -0.2  1.2  0.8 -0.4  1.5 -0.7  0.7 -0.5 -0.6  2.1 -0.3 -0.1 -0.3 -0.4  3.3  1.3 -0.   1.1  0.8  1.5  1.8 -0.5  3.7 -0.  -0.4 -0.4  0.   0.6  0.6 -0.2  1.1  0.7 -0.4  1.   1.5  3.2  0.7  0.3  0.1  0.2 -0.1  2.1  0.7 -0.3  0.8  2.  -0.3  1.8 -0.7  0.5 -0.7  1.1 -0.2 -0.7  1.9  0.4 -1.  -0.6 -0.4  0.7  1.2  0.1 -0.2 -0.4  0.8 -0.3 -0.5  0.7  0.2 -0.3  0.7 -0.3 -0.1  1.2  1.2  0.1  0.8 -0.2  0.7  0.   0.6  0.1 -0.2  1.4  2.4 -0.2  0.   0.1  1.2  0.6 -0.1  1.4  1.2 -0.7 -1.   0.2 -0.7  0.3  1.1  2.   1.6  0.4 -0.3 -1.1  2.1  0.9  0.5  2.8  0.4  1.6 -0.1 -0.3 -0.4 -0.5 -0.  -0.7 -0.1  0.7  2.2  0.8 -0.1 -0.2 -0.6 -0.6  2.2  1.9  1.1 -0.4 -0.2 -0.1 -0.8  2.  -0.3  0.7  0.1 -0.1  0.4 -0.2 -0.2 -1.  -0.2  2.  -0.   0.1  1.1 -0.4 -1.   1.5 -0.2 -0.   0.3  1.8 -0.7 -0.1 -0.7  1.8  0.8 -0.3 -0.3  0.5 -0.4 -0.1 -0.4  0.5 -1.  -0.1  2.1  2.8  1.3 -0.8  0.5  0.6  1.1  0.8  0.2  1.4 -0.9 -0.6 -0.3  3.3  0.3 -0.5 -0.2  0.3 -0.2 -0.2  2.1 -0.3 -0.2 -0.4 -0.8 -0.4 -0.4 -0.1  0.   0.2 -0.1 -0.2 -0.3  0.6 -0.8  2.   0.8 -0.5 -0.7 -0.3 -0.7  0.5  0.7 -0.1 -0.2 -0.2  0.4  0.2 -0.5  2.4 -0.1 -0.8 -0.1 -0.2  0.4  0.9  1.4 -0.4  0.8 -0.7 -0.4  2.3 -0.2 -0.3 -0.  -0.5  2.3  0.3  1.3  0.9 -0.7 -0.3  2.6 -0.1]
ty_50sample [[3 3 3]
 [6 6 4]
 [8 8 8]
 [3 3 4]
 [9 9 9]
 [0 3 1]
 [2 6 2]
 [4 1 2]
 [5 5 9]
 [6 9 9]]
tt_50sample [[5 0 3]
 [4 6 4]
 [0 8 8]
 [5 3 4]
 [9 9 2]
 [0 3 1]
 [2 1 3]
 [4 1 2]
 [5 5 9]
 [0 6 9]]
vm  [ 1.2 -1.4 -0.7  3.8  1.2 -0.1  1.6 -0.1 -0.   3.7 -0.9  0.2 -0.5 -0.4  1.4  0.2 -0.4 -0.  -0.2  2.4 -0.2  2.1 -0.2  0.1 -1.   1.8 -0.1 -0.2 -0.7 -0.2  2.1 -0.3 -0.4 -0.6 -0.3  2.   1.8  5.5 -1.1  2.1 -0.4  0.5  1.3  2.2 -0.9  3.7  1.4  2.3 -0.1  1.5  4.1  0.9  1.4  1.6 -0.2 -0.2 -0.7  0.4  0.5  0.3  0.8 -0.1 -0.1 -0.8 -1.5 -0.6 -0.7 -0.8 -0.4 -1.6  0.   1.6  0.1 -0.6  0.7 -0.3 -0.7 -0.9  3.  -0.5 -0.1 -0.9  0.1 -0.9 -0.  -1.1 -0.5 -0.2 -0.5 -0.4  0.7  0.4  0.9  0.8 -0.2  1.1  0.5  3.3 -0.5 -0.   0.6  0.4  1.2  0.6 -0.4  1.9 -1.9 -1.7 -1.1  0.6  1.8  0.9 -0.5 -0.7  0.9  3.   4.1 -0.9  2.6 -0.7 -0.1  0.3 -1.   0.8  0.8 -0.1 -0.6  2.4  2.5  2.2 -0.6  1.2  1.1 -0.2  4.1  1.2 -0.3  3.2 -0.8  3.   5.3 -0.2  4.6 -0.  -0.3 -0.6  2.8  0.5  3.  -0.4 -0.8 -0.1 -0.1  2.5 -1.1 -0.3  0.8 -1.1 -0.4  2.9 -1.4  1.5 -0.1  0.3 -0.2 -1.1 -0.5  1.   1.2 -0.5  0.2 -0.7 -1.1 -0.3 -0.3 -0.9 -0.6  0.7 -0.8  4.5 -0.7  1.1  3.1  0.8 -0.3  0.5  1.1 -0.5  1.8 -0.5 -0.2  0.5 -0.1  1.2  2.3  1.2 -0.9 -0.5 -0.5 -0.8  1.1  2.7  0.2  1.9  0.2 -0.9  0.5 -0.3 -1.   1.8  5.   0.  -0.4  3.6 -0.1  1.1  0.6 -0.4 -0.7  1.1 -0.   0.1  1.6  2.6  1.3  1.4 -0.1  0.3  0.2 -0.2 -0.4  1.4  1.3  0.5  0.2 -0.3 -1.   0.1 -0.2 -0.4 -1.   0.5  1.4 -0.1 -0.3  2.3 -0.1  0.7  4.2 -0.   0.6 -0.  -0.   1.6  0.5 -0.3]
vy_50sample [[6 6 9]
 [4 6 7]
 [3 3 3]
 [1 4 1]
 [1 1 4]
 [6 6 7]
 [6 6 6]
 [1 1 1]
 [3 3 3]
 [9 8 8]]
vt_50sample [[8 9 1]
 [4 6 1]
 [6 3 0]
 [2 1 3]
 [1 5 6]
 [8 4 2]
 [3 7 6]
 [1 3 1]
 [8 3 0]
 [9 7 8]]
Epoch   210: Training cost= 0.6762, Training acc= 0.4484, Validation cost= 3.3576, Validation acc= 0.1632
Epoch   220: Training cost= 0.6011, Training acc= 0.4634, Validation cost= 3.4739, Validation acc= 0.1636
Epoch   230: Training cost= 0.5620, Training acc= 0.4781, Validation cost= 3.5234, Validation acc= 0.1640
Epoch   240: Training cost= 0.4913, Training acc= 0.4929, Validation cost= 3.5737, Validation acc= 0.1643
Epoch   250: Training cost= 0.4507, Training acc= 0.5079, Validation cost= 3.7099, Validation acc= 0.1645
Epoch   260: Training cost= 0.4119, Training acc= 0.5226, Validation cost= 3.8861, Validation acc= 0.1649
Epoch   270: Training cost= 0.3736, Training acc= 0.5368, Validation cost= 3.9650, Validation acc= 0.1651
Epoch   280: Training cost= 0.3593, Training acc= 0.5504, Validation cost= 4.0502, Validation acc= 0.1653
Epoch   290: Training cost= 0.3094, Training acc= 0.5636, Validation cost= 4.1557, Validation acc= 0.1656
Epoch   300: Training cost= 0.2893, Training acc= 0.5763, Validation cost= 4.2957, Validation acc= 0.1657
tm  [-0.1 -1.2  0.6 -0.3 -0.3  1.3 -0.5  2.7 -0.  -0.3 -0.4 -0.1  2.1  0.2 -0.5 -0.1  0.1  1.   0.8 -0.6  2.2 -1.1  0.9 -0.7 -0.7  2.1 -0.3 -0.  -0.4 -0.6  4.6  2.   0.9  2.1  0.6  2.4  3.2 -0.6  6.  -0.2 -0.3 -0.3 -0.1  0.7  1.  -0.4  1.9  0.6 -0.4  1.1  2.1  3.9  0.1  0.3 -0.1  0.3 -0.2  3.6  1.4 -0.4  1.7  2.9 -0.6  1.9 -0.9 -0.1 -0.8  1.5 -0.1 -1.   2.   1.  -1.5 -0.7 -0.5  0.6  0.9 -0.1 -0.2 -0.5  0.7 -0.1 -0.7  1.7 -0.1 -0.5  0.6 -0.4  0.2  1.1  2.3 -0.   0.3 -0.2  0.7 -0.1  0.3 -0.1 -0.1  1.8  3.7 -0.  -0.  -0.   2.3  0.9 -0.3  1.8  1.2 -0.9 -1.6  1.3 -0.9  0.3  0.5  2.4  2.1  0.3 -0.7 -1.6  2.5  1.9  0.7  4.3  0.6  2.3  0.8 -0.3 -0.6 -0.6  0.6 -0.9 -0.1  1.3  2.3  1.2 -0.  -0.4 -0.9 -0.8  3.7  3.   1.5 -0.5 -0.3 -0.4 -1.4  3.1 -0.4  0.5 -0.1 -0.1  0.2 -0.3 -0.5 -1.4  0.   3.2 -0.  -0.   0.4 -0.5 -1.5  1.6 -0.2  0.2 -0.2  2.5 -1.  -0.3 -1.   2.3  0.9 -0.5 -0.2  0.8 -0.4 -0.1 -0.2  0.6 -1.5 -0.1  3.2  3.5  2.3 -1.1  0.8  0.3  1.2  0.1  0.   1.9 -1.  -1.1 -0.3  3.9  1.2 -0.8 -0.3  0.7 -0.3 -0.2  3.  -0.4 -0.1 -0.5 -0.8 -0.6 -0.5 -0.3  0.4  0.6 -0.1 -0.2 -0.3  1.8 -1.   2.8  0.9 -0.4 -0.9 -0.4 -1.   0.1  0.9 -0.3 -0.4 -0.4  0.2  0.3 -0.7  3.2 -0.4 -1.  -0.1 -0.5  0.5  1.7  2.2 -0.6  0.7 -0.8 -0.4  3.5 -0.2 -0.6  0.2 -0.8  3.8  1.2  2.4  1.1 -0.7 -0.5  3.3  0.5]
ty_50sample [[5 0 3]
 [4 6 4]
 [0 8 8]
 [5 3 4]
 [9 9 2]
 [0 3 3]
 [2 1 3]
 [4 1 2]
 [5 5 9]
 [0 6 9]]
tt_50sample [[5 0 3]
 [4 6 4]
 [0 8 8]
 [5 3 4]
 [9 9 2]
 [0 3 1]
 [2 1 3]
 [4 1 2]
 [5 5 9]
 [0 6 9]]
vm  [ 0.9 -1.4 -0.9  4.4  1.3 -0.1  1.8  0.1  0.3  4.7 -1.   1.  -0.6 -0.6  2.3 -0.1 -0.2  0.2 -0.3  2.8 -0.   2.8 -0.2 -0.  -1.4  2.  -0.2 -0.1 -1.  -0.2  2.1 -0.3 -0.7 -0.2 -0.4  2.4  2.5  6.3 -1.1  2.1 -0.3  0.4  0.7  2.7 -1.3  4.6  2.   3.2 -0.1  1.7  5.7  1.8  0.7  1.9 -0.2 -0.2 -0.8  0.5  0.6  0.1  1.4 -0.   0.  -1.  -1.8 -0.8 -0.5 -1.4 -0.3 -1.8  0.   1.2  0.1 -0.7  1.3 -0.1 -1.  -1.   3.6 -0.6 -0.3 -1.3 -0.2 -0.8  0.6 -1.2 -0.5 -0.1 -0.3 -0.4  0.8  0.6  1.5  0.2 -0.2  1.7 -0.2  4.7 -0.6 -0.2  0.   0.5  1.9  1.4 -0.3  2.2 -2.1 -2.2 -1.8  0.3  1.9  0.8 -0.4 -1.   0.4  6.   5.4 -1.5  3.7 -1.2 -0.1  1.  -1.2  0.8  1.5 -0.3 -0.8  3.5  2.3  4.1 -0.7  0.6  1.3 -0.1  5.   1.7 -0.5  3.5 -1.3  5.1  6.3 -0.   5.9  0.5 -0.3 -0.5  2.7  1.   3.7 -0.4 -0.8 -0.2 -0.5  3.  -1.5 -0.1  2.3 -1.4 -0.   3.3 -1.9  1.8 -0.3  1.5 -0.1 -1.4 -0.9  1.4  1.7 -0.5  0.3 -0.8 -1.2 -0.4 -0.4 -1.1 -0.9  1.3 -1.   4.5 -0.5  1.7  4.4  0.4 -0.2  0.3  0.5 -0.5  2.7 -0.6 -0.3  0.9 -0.2  1.   3.8  0.8 -1.  -0.4 -0.5 -1.2  1.3  3.8  0.3  1.9  1.5 -1.2  0.2 -0.  -1.4  0.9  5.2  0.4 -0.5  5.3 -0.4  1.   1.7 -0.6 -0.8  2.  -0.2 -0.1  1.9  3.5  1.8  0.8 -0.5  1.1 -0.  -0.4 -0.9  2.1  2.2  0.5 -0.1 -0.3 -1.1  0.1 -0.1 -0.3 -1.1  0.6  3.  -0.2 -0.3  2.2  0.5  0.5  5.8 -0.2  0.5  0.5  0.5  1.5  0.6  0. ]
vy_50sample [[9 6 9]
 [4 7 7]
 [3 3 3]
 [1 3 4]
 [1 1 3]
 [6 8 7]
 [6 6 6]
 [1 5 1]
 [0 3 3]
 [5 5 5]]
vt_50sample [[8 9 1]
 [4 6 1]
 [6 3 0]
 [2 1 3]
 [1 5 6]
 [8 4 2]
 [3 7 6]
 [1 3 1]
 [8 3 0]
 [9 7 8]]
Epoch   310: Training cost= 0.2415, Training acc= 0.5887, Validation cost= 4.3557, Validation acc= 0.1659
Epoch   320: Training cost= 0.2256, Training acc= 0.6005, Validation cost= 4.4795, Validation acc= 0.1660
Epoch   330: Training cost= 0.1961, Training acc= 0.6117, Validation cost= 4.6174, Validation acc= 0.1660
Epoch   340: Training cost= 0.1823, Training acc= 0.6225, Validation cost= 4.6653, Validation acc= 0.1661
Epoch   350: Training cost= 0.1678, Training acc= 0.6328, Validation cost= 4.7351, Validation acc= 0.1662
Epoch   360: Training cost= 0.1553, Training acc= 0.6426, Validation cost= 4.8542, Validation acc= 0.1662
Epoch   370: Training cost= 0.1433, Training acc= 0.6520, Validation cost= 4.9682, Validation acc= 0.1663
Epoch   380: Training cost= 0.1233, Training acc= 0.6610, Validation cost= 5.0966, Validation acc= 0.1663
Epoch   390: Training cost= 0.1121, Training acc= 0.6695, Validation cost= 5.1948, Validation acc= 0.1664
Epoch   400: Training cost= 0.0994, Training acc= 0.6776, Validation cost= 5.2523, Validation acc= 0.1665
tm  [-0.6 -1.5  0.9 -0.5 -0.6  2.  -0.5  3.4 -0.2 -0.6 -0.4 -0.1  3.6  0.4 -0.7  0.1  0.7  0.7  1.4 -0.8  3.3 -1.3  0.9 -0.7 -0.7  2.3 -0.5 -0.1 -0.4 -1.1  5.2  1.6  1.5  3.6  0.9  3.9  4.7 -1.   7.6 -0.2 -0.4 -0.1 -0.6  0.7  2.2 -0.4  2.2  0.7 -0.3  1.6  1.8  4.1  0.1  0.2  0.7 -0.2 -0.1  4.2  1.5 -0.6  1.9  3.4 -0.8  2.7 -1.2 -0.4 -0.9  1.7  0.  -1.1  2.  -0.2 -1.6 -0.8 -0.5 -0.1  0.8 -0.2 -0.4 -0.3  1.2  0.9 -0.7  1.7  0.6 -0.5  1.3 -0.6  0.7  1.   3.3 -0.1 -0.3 -0.4  0.6 -0.5  0.6 -0.  -0.1  2.3  5.5 -0.1 -0.4  0.7  4.1  0.9 -0.7  3.8  1.4 -1.1 -2.6  2.3 -0.8  0.8  0.1  2.8  1.4  0.3 -0.8 -2.   3.3  2.7  2.9  5.4  0.4  2.2  0.8 -0.6 -1.  -0.8  1.3 -1.  -0.5  2.1  2.6  1.1 -0.1 -0.6 -0.9 -1.2  4.5  3.7  2.4 -0.2 -0.4 -0.5 -1.9  1.8 -0.4  1.4  0.2 -0.   0.1 -0.5 -0.3 -1.6  0.   3.  -0.1 -0.3  0.1 -0.7 -1.6  1.3  0.1  0.4 -0.5  2.9 -1.4 -0.7 -1.3  2.   1.1 -0.9 -0.3  1.2 -0.5 -0.3 -0.   0.4 -1.9 -0.   4.3  3.1  2.5 -1.2  0.3  0.   1.7 -0.1 -0.3  2.3 -0.9 -1.4 -0.4  4.5  2.1 -0.7 -0.1  1.9 -0.3 -0.3  3.3 -0.5 -0.2 -0.6 -0.9 -0.6 -0.4 -0.4  0.3  0.8 -0.1 -0.4 -0.2  2.  -1.2  3.9  0.5 -0.1 -1.1 -0.5 -1.2  0.2  0.6 -0.2 -0.6 -0.4  0.7 -0.1 -0.8  3.1 -0.7 -1.2  0.  -0.6  1.1  1.7  1.9 -0.6  1.9 -0.6 -0.5  5.   0.  -0.8  1.5 -1.1  3.9  3.4  2.2  1.3 -0.6 -0.6  4.2  0.7]
ty_50sample [[5 0 3]
 [4 6 4]
 [0 8 8]
 [5 3 4]
 [9 9 2]
 [0 3 1]
 [2 1 3]
 [4 1 2]
 [5 5 9]
 [0 6 9]]
tt_50sample [[5 0 3]
 [4 6 4]
 [0 8 8]
 [5 3 4]
 [9 9 2]
 [0 3 1]
 [2 1 3]
 [4 1 2]
 [5 5 9]
 [0 6 9]]
vm  [ 1.5 -2.  -1.1  4.6  2.3 -0.2  2.2  0.8  0.4  5.9 -1.3  0.9 -0.9 -0.9  3.4 -0.4 -0.2  0.9 -0.5  2.9 -0.2  3.  -0.3  0.8 -1.8  2.6 -0.1  0.  -1.2 -0.3  2.3 -0.1 -0.5 -0.3 -0.6  3.4  3.4  8.2 -1.3  2.9 -0.4  0.4  1.   4.9 -1.8  5.8  2.9  3.9 -0.   1.6  7.7  2.6 -0.   2.7 -0.3  0.2 -0.9  2.1  0.3  1.2  2.5  0.6 -0.2 -1.4 -2.5 -1.1 -0.6 -1.4 -0.3 -2.3  1.2  1.9 -0.3 -1.2  0.8  0.3 -1.2 -1.3  4.4 -0.6 -0.6 -1.5 -0.4 -0.7  1.6 -1.5 -0.4  0.3 -0.1 -0.4  1.9 -0.   1.   0.8  0.2  2.5  0.4  6.7 -0.9 -0.1  0.2  0.5  2.2  1.7 -0.2  2.8 -2.8 -2.9 -2.1  0.5  2.   0.8 -0.5 -1.2 -0.1  7.4  6.7 -1.9  4.8 -1.5  0.   0.  -1.5  0.5  2.  -0.3 -0.8  4.7  2.8  4.6 -1.   1.5  1.5 -0.3  6.1  1.5 -0.8  3.4 -1.7  6.5  7.6 -0.2  6.   1.1 -0.5 -0.4  5.1  0.7  3.4 -0.4 -0.8 -0.2 -0.6  4.2 -1.9 -0.4  3.3 -1.6  0.1  4.8 -2.3  2.4 -0.5  1.4 -0.1 -1.6 -0.9  1.7  2.1 -0.6  1.6 -1.  -1.7 -0.8 -0.2 -1.6 -1.1  1.6 -1.2  5.4 -0.5  2.4  4.7  1.9  0.2  0.8  0.8 -0.8  3.5 -0.4 -0.6  0.5 -0.3  1.6  3.5  1.1 -1.4 -0.8 -0.5 -1.8  2.4  4.9 -0.1  2.6  0.6 -1.2 -0.1  0.  -1.7  0.3  6.3  0.5 -0.5  4.8 -0.5  1.4  0.9 -0.8 -1.1  2.1 -0.3  0.9  2.4  4.1  2.4 -0.1 -0.5  0.   0.  -0.4 -1.2  2.6  1.6  1.5 -0.1 -0.4 -1.6  0.6 -0.1 -0.6 -1.3  0.6  3.7 -0.4 -0.2  2.3  0.9 -0.1  8.7  0.3  1.1  0.7  1.4  1.5  1.2  0.3]
vy_50sample [[9 6 8]
 [4 7 7]
 [3 3 3]
 [1 3 4]
 [1 1 4]
 [6 4 3]
 [6 6 6]
 [1 3 1]
 [5 3 3]
 [5 8 5]]
vt_50sample [[8 9 1]
 [4 6 1]
 [6 3 0]
 [2 1 3]
 [1 5 6]
 [8 4 2]
 [3 7 6]
 [1 3 1]
 [8 3 0]
 [9 7 8]]
Epoch   410: Training cost= 0.0916, Training acc= 0.6854, Validation cost= 5.3714, Validation acc= 0.1666
Epoch   420: Training cost= 0.0825, Training acc= 0.6929, Validation cost= 5.4421, Validation acc= 0.1667
Epoch   430: Training cost= 0.0698, Training acc= 0.7000, Validation cost= 5.5462, Validation acc= 0.1668
Epoch   440: Training cost= 0.0703, Training acc= 0.7068, Validation cost= 5.6144, Validation acc= 0.1669
Epoch   450: Training cost= 0.0596, Training acc= 0.7133, Validation cost= 5.7416, Validation acc= 0.1670
Epoch   460: Training cost= 0.0536, Training acc= 0.7195, Validation cost= 5.7912, Validation acc= 0.1672
Epoch   470: Training cost= 0.0515, Training acc= 0.7254, Validation cost= 5.8980, Validation acc= 0.1672
Epoch   480: Training cost= 0.0475, Training acc= 0.7312, Validation cost= 5.9471, Validation acc= 0.1673
Epoch   490: Training cost= 0.0432, Training acc= 0.7366, Validation cost= 6.0107, Validation acc= 0.1675
Epoch   500: Training cost= 0.0386, Training acc= 0.7419, Validation cost= 6.0202, Validation acc= 0.1676
tm  [-0.6 -1.6  1.  -0.1 -1.3  2.7 -0.5  3.5 -0.2 -0.7 -0.6 -0.1  3.8  0.6 -1.   0.3  0.3  1.3  1.5 -1.1  4.1 -1.5  2.6 -0.8 -1.   1.8 -0.7  1.1 -0.1 -1.3  5.5  1.7  2.8  3.7  1.   3.5  5.7 -1.2  9.5 -0.2 -0.5  0.5 -1.   0.5  2.6 -0.2  3.1  0.2 -0.2  1.7  3.5  4.8  0.3 -0.2  1.  -0.4 -0.   6.4  1.8 -0.6  2.2  4.  -1.   3.8 -1.4 -0.3 -1.2  1.3  0.4 -1.2  2.6 -0.2 -1.8 -0.7 -0.5 -0.1 -0.1 -0.1 -0.8 -0.5  1.9  0.9 -0.6  2.9  0.4 -0.5  1.4 -0.6  1.8  0.7  3.8 -0.2 -0.5 -0.3  0.3 -0.7  0.2  0.1  0.8  3.1  7.2 -0.  -0.5 -0.1  4.3  1.9 -0.7  5.   2.2 -1.4 -3.2  3.3 -1.2  0.8 -0.2  3.6  1.5  0.3 -1.1 -2.3  4.   2.3  4.1  5.9 -0.1  3.   1.6 -1.2 -1.1 -1.1  2.3 -1.1 -0.9  2.8  2.8  1.  -0.1 -0.8 -0.9 -1.6  5.5  4.7  2.8 -0.3 -0.6 -0.5 -2.4  2.  -0.5  2.2  0.4  0.4 -0.  -0.5 -0.3 -1.7 -0.1  5.1 -0.  -0.7  0.4 -1.  -2.4  1.8  0.8  0.9 -0.9  3.2 -1.8 -0.7 -1.5  3.   1.  -1.1 -0.3  2.3 -0.5 -0.7  0.4 -0.  -2.4  0.4  5.1  3.4  4.1 -1.5  0.5  0.7  2.5  0.4 -0.3  2.9 -1.  -1.7 -0.7  4.9  2.2 -0.7 -0.3  2.5 -0.3 -0.6  4.4 -0.6 -0.  -0.9 -1.  -0.7 -0.6 -0.3 -0.1  0.7 -0.1 -0.6 -0.2  2.8 -1.8  4.5  1.1 -0.2 -1.4 -0.5 -1.3 -0.   1.8 -0.3 -0.7 -0.5  0.7  0.  -0.6  2.6 -0.9 -1.5  0.9 -1.   1.4  2.   1.7 -0.7  2.3 -0.6 -0.5  5.9 -0.3 -1.2  1.7 -1.1  5.3  4.2  2.7  2.  -0.6 -0.6  4.8  1.7]
ty_50sample [[5 0 3]
 [4 6 4]
 [0 8 8]
 [5 3 4]
 [9 9 2]
 [0 3 1]
 [2 1 3]
 [4 1 2]
 [5 5 9]
 [0 6 9]]
tt_50sample [[5 0 3]
 [4 6 4]
 [0 8 8]
 [5 3 4]
 [9 9 2]
 [0 3 1]
 [2 1 3]
 [4 1 2]
 [5 5 9]
 [0 6 9]]
vm  [ 0.5 -2.2 -1.1  5.7  1.8 -0.2  2.9  1.1  1.5  6.4 -1.6  1.9 -1.3 -0.9  3.2 -0.6 -0.3  1.1 -0.5  3.  -0.1  3.3 -0.2  0.6 -2.2  2.4 -0.2  0.5 -1.4 -0.3  2.8 -0.1 -0.6 -0.  -0.7  3.8  3.1  9.3 -1.4  3.3 -0.2  0.7  1.   5.8 -2.1  6.   3.4  3.5  0.6  2.4  8.6  2.8 -0.   2.9 -0.   0.8 -0.7  3.4  0.5  1.5  3.5  1.  -0.2 -1.1 -2.9 -1.4 -0.6 -1.5 -0.3 -2.6  1.8  3.1 -0.1 -1.5  1.7  0.6 -1.2 -1.5  4.7 -0.6 -0.7 -1.8 -0.3 -0.7  1.7 -1.5 -0.2  1.   0.2 -0.4  2.9 -0.3  1.1  2.   0.4  2.5  1.5  7.5 -0.9 -0.2 -0.   1.2  2.1  1.7 -0.3  2.8 -2.9 -3.4 -2.3  0.8  2.1  0.5 -0.5 -1.4 -0.3  9.2  7.4 -2.1  5.3 -2.   0.2  0.6 -1.6  1.1  2.8 -0.4 -0.9  4.7  3.5  5.  -1.3  1.1  1.6 -0.5  7.4  1.8 -0.7  3.4 -2.2  7.   8.4  0.   6.2  1.8 -0.4 -0.3  5.6  0.3  3.5 -0.4 -0.7 -0.1 -0.8  4.2 -2.2 -0.5  4.  -1.6  0.6  5.1 -2.7  2.8 -0.6  2.3  0.6 -1.8 -1.   2.1  3.1 -0.4  2.1 -1.  -2.  -1.  -0.3 -1.7 -1.4  1.9 -1.3  5.6 -0.3  3.7  5.3  1.6  0.7  1.3  1.  -0.7  4.7 -0.6 -0.5  0.7 -0.3  2.   4.   1.1 -1.7 -1.1 -0.4 -2.   3.4  5.8 -0.2  2.7  1.2 -1.3 -0.4  0.7 -1.8  0.5  6.2  1.1 -0.5  5.4 -0.6  1.7  0.6 -0.9 -1.1  2.1 -0.2  1.9  2.5  5.1  2.7 -0.  -0.4 -0.   0.3 -0.4 -1.3  2.   1.9  1.8  0.2 -0.6 -1.8  0.6  0.  -0.6 -1.3  0.5  4.8 -0.3 -0.1  2.4  0.7 -0.3 11.5 -0.1  1.1  1.1  2.3  1.1  1.3  0.8]
vy_50sample [[9 6 8]
 [7 7 7]
 [3 3 3]
 [1 0 1]
 [1 1 3]
 [6 4 3]
 [6 6 6]
 [1 3 1]
 [5 0 5]
 [5 8 5]]
vt_50sample [[8 9 1]
 [4 6 1]
 [6 3 0]
 [2 1 3]
 [1 5 6]
 [8 4 2]
 [3 7 6]
 [1 3 1]
 [8 3 0]
 [9 7 8]]
Epoch   510: Training cost= 0.0346, Training acc= 0.7470, Validation cost= 6.1858, Validation acc= 0.1677
Epoch   520: Training cost= 0.0288, Training acc= 0.7518, Validation cost= 6.2552, Validation acc= 0.1677
Epoch   530: Training cost= 0.0269, Training acc= 0.7565, Validation cost= 6.3999, Validation acc= 0.1678
Epoch   540: Training cost= 0.0247, Training acc= 0.7610, Validation cost= 6.4821, Validation acc= 0.1679
Epoch   550: Training cost= 0.0227, Training acc= 0.7654, Validation cost= 6.5508, Validation acc= 0.1680
Epoch   560: Training cost= 0.0213, Training acc= 0.7696, Validation cost= 6.6275, Validation acc= 0.1680
Epoch   570: Training cost= 0.0193, Training acc= 0.7736, Validation cost= 6.7256, Validation acc= 0.1681
Epoch   580: Training cost= 0.0182, Training acc= 0.7775, Validation cost= 6.8153, Validation acc= 0.1681
Epoch   590: Training cost= 0.0164, Training acc= 0.7813, Validation cost= 6.8510, Validation acc= 0.1681
Epoch   600: Training cost= 0.0157, Training acc= 0.7849, Validation cost= 6.9691, Validation acc= 0.1681
tm  [-0.7 -1.9  1.4 -0.1 -1.8  3.  -0.5  4.3 -0.2 -0.6 -0.5 -0.   5.   0.6 -1.3  0.2  0.8  1.5  1.7 -1.5  4.9 -1.8  2.4 -0.7 -1.2  2.3 -0.6  1.8 -0.  -1.8  6.5  2.   3.9  4.7  1.   4.2  7.  -1.4 11.4 -0.2 -0.7  0.6 -1.4  0.6  2.8 -0.3  3.6  0.6 -0.2  2.2  4.3  5.4  0.5 -0.2  1.4 -0.5  0.1  7.9  1.4 -1.   1.7  5.  -1.1  3.9 -1.5 -0.2 -1.2  2.3  0.9 -1.4  2.7 -0.4 -2.2 -0.5 -0.7 -0.3 -0.1  0.2 -0.9 -0.6  2.3  2.  -0.6  4.1  0.2 -0.6  2.  -0.5  2.6  0.1  5.3 -0.3 -0.8 -0.6  0.4 -0.9  0.1  0.4  1.2  3.8  9.2 -0.1 -0.7 -0.2  5.4  2.6 -0.9  6.6  3.3 -1.7 -3.8  4.  -1.3  1.4 -0.3  4.2  1.3  0.5 -1.1 -2.5  5.   2.9  5.4  6.8 -0.2  3.4  2.6 -1.6 -1.3 -1.4  3.3 -1.1 -1.4  3.6  3.7  1.  -0.  -1.  -0.9 -2.   6.   5.4  3.1 -0.4 -0.7 -0.5 -3.   2.3 -0.7  2.5  0.5  1.5 -0.1 -0.4 -0.4 -1.8 -0.2  5.5 -0.2 -0.9  0.9 -1.  -2.9  1.3  1.3  1.2 -1.1  3.1 -2.3 -1.  -1.7  3.   1.3 -1.2 -0.3  3.2 -0.5 -0.9  0.6 -0.2 -3.   0.5  5.5  4.4  4.7 -1.8  0.2  1.5  3.1  0.6 -0.2  3.3 -1.  -2.1 -0.7  6.4  2.9 -0.6 -0.2  3.1 -0.3 -0.7  5.1 -0.7  0.6 -1.1 -1.1 -0.6 -0.4 -0.5 -0.1  1.2 -0.2 -0.8 -0.4  3.2 -1.9  5.8  1.7 -0.1 -1.5 -0.8 -1.4 -0.3  2.8 -0.4 -0.6 -0.6  1.  -0.  -0.7  2.9 -0.9 -1.9  1.6 -1.4  1.6  3.   2.3 -0.7  3.2 -0.4 -0.8  7.4 -0.3 -1.3  2.5 -1.3  6.   4.9  2.4  2.5 -0.6 -0.5  6.1  2.1]
ty_50sample [[5 0 3]
 [4 6 4]
 [0 8 8]
 [5 3 4]
 [9 9 2]
 [0 3 1]
 [2 1 3]
 [4 1 2]
 [5 5 9]
 [0 6 9]]
tt_50sample [[5 0 3]
 [4 6 4]
 [0 8 8]
 [5 3 4]
 [9 9 2]
 [0 3 1]
 [2 1 3]
 [4 1 2]
 [5 5 9]
 [0 6 9]]
vm  [-0.3 -2.2 -1.   7.1  1.4 -0.3  2.7  1.5  1.8  6.4 -1.6  2.7 -1.3 -0.7  2.9 -0.4 -0.2 -0.2 -0.2  3.6  1.2  4.4  0.5 -0.3 -2.5  2.5 -0.3  0.2 -1.9  0.2  4.  -0.1 -1.1  2.2 -0.4  4.3  4.7  9.3 -1.4  2.7  0.1  1.7  1.1  4.4 -2.4  5.6  3.8  4.2  0.1  3.3  8.1  3.3 -0.1  2.8 -0.1  1.7 -1.2  3.   1.2  0.2  2.8 -0.  -0.2 -1.5 -3.1 -1.4 -0.7 -2.2 -0.2 -2.9 -0.2  0.7  0.  -1.7  3.4  1.3 -1.5 -1.5  3.1 -0.9 -0.7 -2.1 -0.3 -1.4  1.6 -1.1 -0.2  0.8  0.6 -0.4  2.5 -0.4  2.   2.3 -0.   3.5  0.6  9.1 -1.  -0.7 -0.2  1.5  2.9  2.1 -0.4  2.7 -3.  -3.2 -2.8  0.   1.4  1.2 -0.8 -1.5 -0.3 11.9  9.1 -2.4  5.5 -2.8  0.4  1.8 -1.6  2.3  4.1 -0.1 -1.5  4.7  4.6  5.3 -1.3 -0.   2.3 -0.1  7.7  2.9 -0.8  4.  -2.7  8.7 10.3  0.6  8.3  3.9 -0.4 -0.5  4.9 -0.2  4.5 -0.4 -0.8 -0.1 -1.2  3.8 -2.4 -0.2  4.8 -1.4  1.7  4.7 -3.6  3.  -0.8  3.6  1.6 -2.3 -1.5  3.   4.3 -0.6  1.  -1.1 -2.  -0.8 -0.6 -1.7 -1.5  2.2 -1.4  6.8 -0.2  4.3  9.1  0.7  1.1  0.5  1.9 -0.9  5.1 -1.3 -0.6  2.2 -0.5  2.1  6.1  1.1 -1.5 -0.9 -0.4 -2.2  2.4  8.4 -0.1  2.8  4.5 -1.7 -0.4  2.3 -2.2  1.2  6.3  2.2 -1.1  7.4 -0.6  2.8  1.5 -1.  -1.5  4.5 -0.2  0.8  3.4  5.3  2.6  1.3 -1.1  1.1 -0.1 -0.6 -1.9  1.5  2.6  0.5 -0.  -0.8 -1.6  0.6  0.5 -0.1 -1.2  0.5  6.1 -0.3 -0.4  2.4  1.7 -0.4  9.9 -0.1  1.1  2.3  3.2  2.6  1.3  2.5]
vy_50sample [[9 0 9]
 [7 7 7]
 [3 3 3]
 [1 0 4]
 [1 1 3]
 [6 4 3]
 [6 3 3]
 [1 3 1]
 [5 3 5]
 [5 8 5]]
vt_50sample [[8 9 1]
 [4 6 1]
 [6 3 0]
 [2 1 3]
 [1 5 6]
 [8 4 2]
 [3 7 6]
 [1 3 1]
 [8 3 0]
 [9 7 8]]
Epoch   610: Training cost= 0.0155, Training acc= 0.7884, Validation cost= 7.0307, Validation acc= 0.1680
Epoch   620: Training cost= 0.0154, Training acc= 0.7919, Validation cost= 7.0948, Validation acc= 0.1680
Epoch   630: Training cost= 0.0149, Training acc= 0.7952, Validation cost= 7.1461, Validation acc= 0.1680
Epoch   640: Training cost= 0.0143, Training acc= 0.7984, Validation cost= 7.1365, Validation acc= 0.1680
Epoch   650: Training cost= 0.0137, Training acc= 0.8015, Validation cost= 7.1742, Validation acc= 0.1679
