Epoch    10: Training cost= 2.2683, Training acc= 0.1207, Validation cost= 2.3379, Validation acc= 0.1087
Epoch    20: Training cost= 1.9710, Training acc= 0.1714, Validation cost= 2.1432, Validation acc= 0.1374
Epoch    30: Training cost= 1.8953, Training acc= 0.2009, Validation cost= 2.2333, Validation acc= 0.1482
Epoch    40: Training cost= 1.8384, Training acc= 0.2234, Validation cost= 2.1401, Validation acc= 0.1538
Epoch    50: Training cost= 1.9258, Training acc= 0.2412, Validation cost= 2.3250, Validation acc= 0.1571
Epoch    60: Training cost= 1.8783, Training acc= 0.2566, Validation cost= 2.2759, Validation acc= 0.1585
Epoch    70: Training cost= 1.8447, Training acc= 0.2718, Validation cost= 2.3112, Validation acc= 0.1604
Epoch    80: Training cost= 1.6105, Training acc= 0.2888, Validation cost= 2.2157, Validation acc= 0.1631
Epoch    90: Training cost= 1.4944, Training acc= 0.3075, Validation cost= 2.1216, Validation acc= 0.1692
Epoch   100: Training cost= 1.2749, Training acc= 0.3277, Validation cost= 2.1244, Validation acc= 0.1748
tm  [-0.8  0.7  0.6 -0.1 -0.2  2.1 -0.  -0.5 -0.5 -0.7 -0.1  2.4  0.7 -0.5  0.9  0.9 -0.   2.6 -0.3  1.7 -0.   1.1  0.  -0.1 -1.  -0.2 -0.4 -0.7  2.7  0.1  0.4 -0.5 -0.1 -0.2 -0.1  0.3  0.5 -1.  -0.2  1.7 -0.4 -0.9 -0.3 -0.2 -0.9  3.2 -0.9 -0.3 -1.1 -0.1 -0.1  0.1  2.   0.9  3.5  0.1 -0.3  0.3 -0.3  1.2 -0.3 -0.2  0.8  0.9 -0.3  0.2  1.2 -1.1  0.7  0.4 -0.   1.3  1.9  0.   0.3 -0.8 -0.7  0.6  2.  -0.2 -0.2 -0.   2.7 -0.2  0.9 -0.5  1.7  0.8  4.7  0.5  0.7  0.5  0.   0.6 -0.5 -0.1  0.3 -0.6 -0.2 -0.6 -0.  -0.   0.  -0.2  0.9  0.6 -0.4 -0.1  0.9  1.3 -0.3 -0.3 -0.1  0.6 -0.2  0.5 -0.4  0.2 -0.9 -0.7  2.9 -0.1  0.  -0.2 -0.8 -0.5 -0.  -0.5 -0.7  0.9  1.3 -0.4 -0.   1.6  1.1  0.7  1.8  1.3 -0.7 -0.9  1.3  0.7  1.  -0.   5.1 -0.5 -0.5  0.8  0.4 -0.1 -0.2 -0.1  1.5 -0.5 -0.2  1.7 -0.7 -0.7 -0.1 -0.4  0.6 -0.2  1.5  0.4 -0.6 -0.3 -0.7 -0.2  1.2 -0.1 -0.1  0.6  1.  -0.8  1.   2.3 -0.8  0.8 -0.2  0.3 -0.1  1.  -0.4 -0.2 -0.3 -0.7 -0.4 -0.3 -0.2 -0.  -0.4 -0.  -0.2 -0.6 -0.3 -0.1 -0.6  0.1 -0.3  1.2  0.8 -0.3 -0.4 -0.6 -0.2 -0.3 -0.2 -0.3 -0.2 -0.1  0.1 -0.5 -0.4  2.1 -0.2 -0.3  1.2 -0.4 -0.5  2.   0.8 -0.6 -0.2  0.5  0.9  2.6 -0.6 -0.2  2.4 -0.8 -0.  -0.5 -0.3 -0.3  1.7  1.1  0.5 -0.3 -0.4 -0.2 -0.5  3.7 -0.6  0.3 -0.2  2.2 -0.1  0.5  0.1 -0.5  1.5  0.7 -0.1  3.7 -0.5 -0.1]
ty_50sample [[0 0]
 [4 6]
 [4 6]
 [2 0]
 [8 8]
 [1 0]
 [9 9]
 [4 4]
 [0 0]
 [2 0]]
tt_50sample [[5 0]
 [4 5]
 [2 4]
 [2 0]
 [6 8]
 [8 1]
 [5 9]
 [5 4]
 [0 8]
 [2 1]]
vm  [-0.1 -0.4 -0.1  1.5  1.6  1.1  1.1 -0.  -0.2  0.2 -0.1  1.8  1.3 -0.   0.   3.6 -0.4 -0.3  0.4  0.5  0.8  2.2 -0.2 -0.3 -0.6  1.7 -0.1 -0.6  0.3 -0.2  1.6 -0.1  0.9 -0.3 -0.   2.4 -0.5 -0.1  0.4  2.3 -0.3 -0.2 -0.3  1.8  0.4 -0.2 -0.  -0.5 -0.6  0.3 -0.2  0.9  0.8  2.5  1.8 -0.3 -0.3 -0.7 -0.1  0.5 -0.2 -0.1 -0.1 -0.2 -0.2 -0.  -0.2  0.2 -0.1 -0.4  1.   0.   1.4 -0.6  1.  -0.7 -0.3  1.8 -0.1  0.2  1.7 -0.   0.9 -0.9 -0.3 -0.8 -0.5 -0.   3.3  0.8  1.   0.1 -1.   1.1  0.2 -0.3 -0.4 -0.7 -0.1  0.4 -0.2  0.   0.2  1.1  2.5 -0.1 -0.4 -0.2 -0.1  0.5  1.3 -0.  -0.5 -0.2 -0.1  1.1 -0.3 -0.  -0.5  0.2  2.8 -0.2 -0.6 -0.2 -0.2 -0.1 -0.2 -0.1 -0.1  0.3  0.8  0.6 -0.2  1.5  0.6  0.7 -0.3  1.3  0.  -0.5  0.5 -0.3  0.1  1.2  2.3 -0.4  0.1  1.8 -0.3  2.  -0.6 -0.3  1.6  0.5 -0.5 -0.3 -0.3  0.3  0.2 -0.2  1.4 -0.6  0.5 -0.5 -0.7  0.6 -0.5  0.3  0.4  0.6 -0.1  0.3  0.4 -0.3  0.5  0.8 -0.5  0.1 -0.4 -0.3 -0.3  1.  -0.3 -0.4 -0.6 -0.6  0.  -0.6 -0.9 -0.3 -0.5  0.   1.1 -0.1 -0.2 -0.3 -0.1 -0.  -0.6  0.1  1.  -0.3 -0.5 -0.1 -0.8 -0.2 -0.1 -1.2 -0.2  1.7  1.4 -0.1 -0.3  1.4  2.9 -0.6 -0.4 -0.7 -0.4  2.5  0.7 -0.  -0.1  1.8  0.5  2.   0.8  0.3  2.5 -0.4 -0.2 -0.8 -0.5  0.1  0.2  1.3 -0.3 -0.6  0.5  0.4 -0.3  1.6 -0.   0.4 -0.5  0.2 -0.5  0.2  1.1  0.3 -0.1  1.8  0.5  4.1 -0.1  0.3]
vy_50sample [[9 9]
 [7 6]
 [6 6]
 [8 8]
 [0 0]
 [0 0]
 [4 0]
 [9 9]
 [7 8]
 [2 0]]
vt_50sample [[2 8]
 [8 4]
 [7 5]
 [0 9]
 [5 0]
 [1 1]
 [2 4]
 [9 8]
 [9 4]
 [4 1]]
Epoch   110: Training cost= 1.2547, Training acc= 0.3473, Validation cost= 2.3298, Validation acc= 0.1800
Epoch   120: Training cost= 1.1324, Training acc= 0.3656, Validation cost= 2.1793, Validation acc= 0.1845
Epoch   130: Training cost= 1.0319, Training acc= 0.3849, Validation cost= 2.3298, Validation acc= 0.1877
Epoch   140: Training cost= 1.0668, Training acc= 0.4015, Validation cost= 2.4789, Validation acc= 0.1898
Epoch   150: Training cost= 0.8836, Training acc= 0.4188, Validation cost= 2.5442, Validation acc= 0.1917
Epoch   160: Training cost= 0.8634, Training acc= 0.4361, Validation cost= 2.6125, Validation acc= 0.1941
Epoch   170: Training cost= 0.7790, Training acc= 0.4522, Validation cost= 2.6337, Validation acc= 0.1959
Epoch   180: Training cost= 0.6834, Training acc= 0.4685, Validation cost= 2.7461, Validation acc= 0.1980
Epoch   190: Training cost= 0.5687, Training acc= 0.4851, Validation cost= 2.7084, Validation acc= 0.2000
Epoch   200: Training cost= 0.4823, Training acc= 0.5024, Validation cost= 2.8976, Validation acc= 0.2018
tm  [-1.2  0.7 -0.   0.4 -0.4  3.2  0.6 -0.3 -0.7 -0.9  0.3  2.9  0.6 -0.6  1.4 -0.1 -0.3  3.8 -0.6  0.3 -0.7  1.8  0.9 -0.3 -1.  -0.3 -1.  -0.9  3.2  1.6  1.3 -0.6 -0.4 -0.4 -0.4 -0.1  1.  -1.2 -0.5  2.4  0.1 -0.7 -0.4 -0.3 -1.   4.4 -1.1 -0.6 -1.7  0.3 -0.5  0.2  2.5  1.5  4.2  0.1 -0.2  0.9 -0.   2.2 -0.7  0.2  0.7  0.7 -0.4  1.2  2.4 -1.2  1.6  0.8  0.   3.5  1.9  1.   0.2 -1.  -1.2  0.6  2.2 -0.3 -0.3 -0.2  3.5  0.8  0.7 -0.7  1.9  2.2  5.6  0.6  1.5  0.5 -0.1  1.2 -0.4 -0.   0.1 -1.1 -0.3 -0.8 -0.1  0.  -0.1 -0.6  1.3  1.  -0.4 -0.1  0.2  0.8 -0.6 -0.8  0.6  0.7 -0.5 -0.  -0.4 -0.  -0.8 -0.8  2.  -0.2 -0.1 -0.5 -1.  -0.3 -0.2 -0.7 -0.8  1.8  0.9 -0.4 -0.3  2.2  2.6  1.3  2.5  1.7 -0.4 -0.9  0.7  1.4  2.2  0.8  6.1 -0.7 -0.8  0.2 -0.  -0.3 -0.7 -0.4  3.5 -0.5 -0.6  2.1 -0.7 -1.2 -0.1 -0.7  0.4 -0.1  2.6  1.2 -0.9 -0.7 -1.1 -0.3  1.1 -0.3 -0.3 -0.2  1.1 -1.   2.   2.6 -1.2  0.1 -0.3 -0.1 -0.3  1.4 -0.4 -0.2  0.4 -0.9 -0.8 -0.3 -0.4 -0.2 -0.5  1.  -0.4 -0.6 -0.5 -0.3 -0.3 -0.2 -0.5  1.   0.9 -0.5 -0.8 -1.  -0.2 -0.5 -0.5 -0.1 -0.6 -0.1  0.5 -0.7 -0.6  2.5 -0.4 -0.2  2.  -1.  -0.5  3.2  0.7 -0.8  0.6  0.4  1.5  2.4 -1.1 -0.4  3.  -1.  -0.  -0.4 -0.5 -0.4  2.1  0.7  0.1  0.3 -0.5 -0.2 -0.5  5.4 -0.9 -0.  -0.4  3.5 -0.1 -0.2 -0.1 -0.7  3.4  0.2 -0.3  4.5 -0.5  0.5]
ty_50sample [[5 0]
 [4 5]
 [2 2]
 [2 0]
 [6 8]
 [8 1]
 [5 5]
 [5 5]
 [0 8]
 [2 0]]
tt_50sample [[5 0]
 [4 5]
 [2 4]
 [2 0]
 [6 8]
 [8 1]
 [5 9]
 [5 4]
 [0 8]
 [2 1]]
vm  [-0.3 -0.9 -0.2  3.   0.6  0.7  2.   1.4  0.1 -0.2 -0.2  1.9  1.8 -0.1 -0.1  4.2 -0.6 -0.5  0.   0.3  0.9  2.1  0.7 -0.6 -0.5  0.8 -1.  -0.7  1.2 -0.3  1.7 -0.1  1.5 -0.3  0.2  2.1 -0.8 -0.3  0.5  2.6 -0.6 -0.  -0.7  3.3  1.  -0.6  0.8 -1.  -1.   1.4 -0.2  0.1  0.4  2.8  1.8 -0.4 -0.2 -1.2  1.6 -0.1 -0.2 -0.2 -0.1 -0.4 -0.4  0.7 -0.   0.8  0.5 -0.2  1.7 -0.   2.  -0.8  1.1 -0.8 -0.6  2.1 -0.4  0.7  2.6 -0.   0.2 -1.2 -0.5 -1.3 -0.6  0.2  3.4  2.   2.2 -0.5 -1.2  1.   1.8 -0.4 -0.7 -1.2 -0.1  1.5 -0.3 -0.  -0.2  1.9  3.5 -0.3 -0.1  0.5 -0.3  0.3  0.6 -0.1 -0.7 -0.2 -0.5  1.6 -0.3 -0.  -0.6 -0.1  2.8 -0.3 -0.7 -0.2 -0.3 -0.3 -0.2 -0.1 -0.2 -0.   1.3  0.4 -0.5  1.8  0.4  0.3 -0.4  0.7  0.3 -0.6  0.3 -0.2  0.4  1.4  2.3 -0.8  0.   3.  -0.6  1.6 -1.  -0.3  1.9  0.5 -1.  -0.1  0.5 -0.2 -0.1 -0.1  2.2 -0.5 -0.  -0.3 -0.6 -0.1 -0.8  0.1  0.3  1.  -0.3  0.7  1.5 -0.6  1.   0.3 -0.8  1.6 -0.4 -0.4 -0.6  0.5 -0.3 -0.6 -0.5 -1.  -0.1 -1.  -1.2 -0.6 -0.2  0.1  1.4 -0.3  0.4 -0.7  0.4 -0.1 -0.6 -0.1  2.  -0.1 -0.6 -0.4 -1.1 -0.3 -0.3 -1.3  0.   1.6  1.  -0.2 -0.7  1.4  3.5 -0.7 -0.7 -1.1 -0.5  2.5  0.6 -0.2 -0.4  3.   1.3  1.5  1.4 -0.1  1.9 -0.7 -0.  -1.1 -0.7 -0.2  1.1  0.7 -0.2 -0.9  1.6  1.6 -0.2  1.6  0.2  1.1 -0.7 -0.1 -0.5 -0.   0.5 -0.2 -0.2  2.3  0.8  5.1 -0.2  0.5]
vy_50sample [[9 9]
 [7 7]
 [6 6]
 [9 9]
 [0 0]
 [2 3]
 [4 1]
 [9 9]
 [7 8]
 [1 0]]
vt_50sample [[2 8]
 [8 4]
 [7 5]
 [0 9]
 [5 0]
 [1 1]
 [2 4]
 [9 8]
 [9 4]
 [4 1]]
Epoch   210: Training cost= 0.3759, Training acc= 0.5197, Validation cost= 2.9570, Validation acc= 0.2040
Epoch   220: Training cost= 0.3381, Training acc= 0.5361, Validation cost= 3.0877, Validation acc= 0.2062
Epoch   230: Training cost= 0.3487, Training acc= 0.5520, Validation cost= 3.3037, Validation acc= 0.2081
Epoch   240: Training cost= 0.3240, Training acc= 0.5664, Validation cost= 3.3158, Validation acc= 0.2099
Epoch   250: Training cost= 0.2778, Training acc= 0.5797, Validation cost= 3.3357, Validation acc= 0.2114
Epoch   260: Training cost= 0.2699, Training acc= 0.5928, Validation cost= 3.5080, Validation acc= 0.2129
Epoch   270: Training cost= 0.2950, Training acc= 0.6051, Validation cost= 3.5983, Validation acc= 0.2142
Epoch   280: Training cost= 0.2287, Training acc= 0.6167, Validation cost= 3.5067, Validation acc= 0.2154
Epoch   290: Training cost= 0.1783, Training acc= 0.6281, Validation cost= 3.5537, Validation acc= 0.2166
Epoch   300: Training cost= 0.1696, Training acc= 0.6391, Validation cost= 3.6765, Validation acc= 0.2177
tm  [-1.6  0.2 -0.   0.9 -0.4  4.1 -0.  -0.2 -1.1 -1.4  0.5  3.7  0.4 -0.8  0.6 -0.1 -0.4  4.1 -1.1 -0.2 -0.8  2.7  1.8 -0.5 -1.2 -0.4 -1.3 -1.2  4.   2.5  1.6 -0.5 -0.7 -0.2 -0.2 -0.   0.8 -1.4 -0.6  2.2  0.2 -0.7 -0.4 -0.5 -1.2  6.2 -1.3 -0.5 -2.1  0.4 -0.4  1.   2.7  1.6  4.9  1.8 -0.1  1.5  0.3  2.3 -1.   0.4  0.3  0.7 -0.7  1.8  3.  -1.3  1.5  0.5 -0.1  5.8  2.   0.9  0.3 -1.4 -1.6  0.4  2.5 -0.1 -0.2  0.4  4.3  2.3  0.8 -0.9  2.   2.5  7.8 -0.1  2.4  0.5 -0.1  1.2 -0.3  0.3 -0.1 -1.4 -0.3 -0.9 -0.2 -0.1 -0.3 -1.1  2.   0.5 -0.4 -0.1  0.5 -0.1 -1.  -0.9  0.3  0.7 -0.5 -0.3 -0.4 -0.  -0.7 -0.8  2.5 -0.3  0.  -0.8 -1.5 -0.3 -0.3 -1.  -1.1  2.3  1.5 -0.3 -0.4  3.8  3.   1.9  2.8  1.6 -0.4 -1.   1.9  1.4  3.2  1.3  8.  -1.3 -1.   0.4 -0.4 -0.6 -0.8 -0.6  3.8 -0.3 -0.7  1.5 -0.8 -1.5 -0.  -0.8  1.2 -0.2  2.6  1.1 -1.2 -0.5 -1.2 -0.4  0.7 -0.6 -0.6 -0.2  0.3 -1.3  2.7  3.5 -2.   0.1 -0.4 -0.3 -0.3  2.2 -0.6 -0.1 -0.  -1.  -1.1 -0.3 -0.6 -0.1 -0.9  1.  -0.3 -0.7 -0.3 -0.3 -0.3 -0.2 -0.6  1.7  1.4 -0.9 -0.7 -1.2  0.  -0.7 -0.6 -0.2 -0.8 -0.2  1.1 -0.8 -0.8  3.3 -0.6 -0.3  2.  -1.2 -0.7  4.   0.1 -1.1  1.  -0.   1.4  2.3 -0.9 -0.3  4.1 -1.3 -0.  -0.3 -0.6 -0.4  2.1  0.8  0.5 -0.1 -0.8 -0.3 -0.7  8.1 -1.  -0.3 -0.6  3.5 -0.5 -0.6 -0.1 -0.7  5.  -0.1 -0.1  5.3 -0.5 -0.1]
ty_50sample [[5 0]
 [4 5]
 [2 4]
 [2 0]
 [6 8]
 [1 1]
 [5 9]
 [5 4]
 [0 8]
 [2 1]]
tt_50sample [[5 0]
 [4 5]
 [2 4]
 [2 0]
 [6 8]
 [8 1]
 [5 9]
 [5 4]
 [0 8]
 [2 1]]
vm  [-0.9 -1.  -0.2  4.2  1.   2.4  0.6  0.8 -0.1 -0.4 -0.6  1.7  4.3 -0.3 -1.2  4.4 -0.7 -0.8 -0.4  1.3  2.3  2.4  0.9 -0.8 -0.8  0.9 -1.5 -0.9  1.5 -0.3  2.5  0.1  0.8 -0.2  1.2  2.1 -0.8 -0.2  3.2  3.7 -0.7 -0.2 -0.9  3.4  0.5 -0.5  0.6 -1.2 -1.4  2.7 -0.   1.7 -0.5  4.   2.3 -0.1 -0.3 -1.6  2.7 -0.2 -0.7 -0.5 -0.  -0.7 -1.  -0.3 -0.   0.9 -0.3 -0.7  0.7  0.2  1.4 -0.9  0.9 -0.9 -0.7  2.9 -0.3  0.6  3.9  0.2  0.3 -1.3 -0.9 -1.4 -0.8  1.   3.6  2.1  2.6 -0.5 -1.   2.1  3.  -0.2 -0.9 -1.1 -0.6  0.8 -0.2  0.1  0.2  1.   5.  -0.5 -0.3  0.3 -0.5 -0.2 -0.3  1.9 -0.8 -0.4 -0.6  3.3 -0.1  0.5 -0.6 -0.2  3.  -0.5 -0.8 -0.3 -0.6 -0.6 -0.2 -0.6 -0.2 -0.8  2.5 -0.2 -0.6  2.6 -0.1  0.8 -0.6 -0.  -0.4 -0.2  2.8 -0.2  0.4  1.9  2.7 -1.2 -0.1  5.5 -0.8  1.3 -0.9 -0.3  0.9  1.5 -1.3 -0.   0.8 -0.6  0.8 -0.   2.6 -0.8 -0.2 -0.1 -1.  -0.1 -0.7 -0.5  1.  -0.2 -0.5  0.5  2.8 -0.6  0.5  1.1 -1.6  0.9 -0.3 -1.  -0.4  0.4 -0.4 -0.5 -0.7 -1.  -0.6 -1.2 -1.6 -0.7 -0.6  0.4  2.3 -0.6  1.  -0.7 -0.2 -0.1 -1.1  0.4  2.5  0.8 -0.3 -0.5 -0.9 -0.2 -0.6 -1.7  0.   0.9  2.2 -0.5 -1.   3.8  3.5 -0.9 -1.  -0.9 -0.6  2.6  0.5 -0.5 -0.5  2.3  2.4  1.1  2.1  0.9  2.6 -0.7 -0.  -1.  -0.5 -0.7  1.8  0.8 -0.4 -1.3  1.1  0.6 -0.2  2.3 -0.4 -0.  -1.1 -0.5 -0.4 -0.1  1.2 -0.6  0.8  2.7  0.7  7.7 -0.1 -0. ]
vy_50sample [[1 9]
 [7 4]
 [6 6]
 [9 9]
 [0 0]
 [3 3]
 [4 1]
 [9 7]
 [7 8]
 [1 0]]
vt_50sample [[2 8]
 [8 4]
 [7 5]
 [0 9]
 [5 0]
 [1 1]
 [2 4]
 [9 8]
 [9 4]
 [4 1]]
Epoch   310: Training cost= 0.1541, Training acc= 0.6498, Validation cost= 3.7230, Validation acc= 0.2188
Epoch   320: Training cost= 0.1323, Training acc= 0.6602, Validation cost= 3.8574, Validation acc= 0.2198
Epoch   330: Training cost= 0.1167, Training acc= 0.6701, Validation cost= 3.9563, Validation acc= 0.2208
Epoch   340: Training cost= 0.0951, Training acc= 0.6795, Validation cost= 4.0513, Validation acc= 0.2216
Epoch   350: Training cost= 0.0794, Training acc= 0.6885, Validation cost= 4.2075, Validation acc= 0.2225
Epoch   360: Training cost= 0.0712, Training acc= 0.6971, Validation cost= 4.2900, Validation acc= 0.2233
Epoch   370: Training cost= 0.0671, Training acc= 0.7052, Validation cost= 4.3651, Validation acc= 0.2241
Epoch   380: Training cost= 0.0649, Training acc= 0.7129, Validation cost= 4.4327, Validation acc= 0.2247
Epoch   390: Training cost= 0.0473, Training acc= 0.7202, Validation cost= 4.5504, Validation acc= 0.2255
Epoch   400: Training cost= 0.0490, Training acc= 0.7271, Validation cost= 4.6341, Validation acc= 0.2261
tm  [-1.9  0.   0.   1.1 -0.4  4.9 -0.1 -0.2 -1.2 -1.7  0.4  4.8  0.4 -0.9  0.7 -0.1 -0.5  4.6 -1.4 -0.1 -0.9  3.3  2.8 -0.7 -1.3 -0.5 -1.5 -1.5  4.4  3.3  1.9 -0.6 -0.8 -0.2 -0.3 -0.1  1.4 -1.6 -0.7  2.8 -0.  -0.8 -0.4 -0.6 -1.1  7.  -1.6 -0.7 -2.4  0.9 -0.3  2.1  3.6  1.6  6.   2.6 -0.1  2.4  1.1  2.1 -1.2  1.   1.4  1.1 -0.7  1.6  3.4 -1.5  1.3  0.1 -0.2  7.2  2.5  1.5  0.9 -1.5 -2.1  0.7  3.3 -0.2 -0.1  0.   5.6  2.8  1.4 -0.9  2.1  2.8  9.2 -0.1  2.8  0.7  0.3  2.  -0.2  0.8 -0.1 -1.4 -0.4 -1.1 -0.1 -0.  -0.4 -1.2  2.9  0.4 -0.3 -0.   0.4  0.1 -1.2 -0.8  0.1  1.4 -0.5 -0.1 -0.5 -0.  -0.8 -0.9  2.  -0.5  0.1 -0.9 -1.6 -0.4 -0.4 -1.2 -1.3  1.9  2.2 -0.4 -0.5  4.8  2.9  2.4  4.1  1.8 -0.4 -1.1  2.7  0.8  3.7  1.3  9.8 -1.6 -1.   0.1 -0.6 -0.8 -1.  -0.8  4.8 -0.3 -0.6  1.5 -0.9 -1.9 -0.1 -0.9  1.2 -0.2  2.6  1.6 -1.4 -0.9 -1.4 -0.6  1.1 -0.8 -0.7 -0.4  0.1 -1.5  3.1  4.4 -2.4  0.1 -0.6 -0.4 -0.3  3.6 -0.7 -0.3 -0.1 -1.1 -1.2 -0.5 -0.7 -0.3 -1.1  0.9 -0.3 -0.7 -0.3 -0.3 -0.3 -0.1 -0.8  2.1  1.7 -1.2 -0.6 -1.4  0.6 -0.7 -0.8 -0.2 -0.9 -0.1  1.4 -0.9 -0.9  3.8 -0.8 -0.4  2.  -1.3 -1.2  5.2 -0.1 -1.3  1.8 -0.1  1.9  2.2 -1.  -0.3  5.1 -1.5 -0.3 -0.4 -0.4 -0.5  2.2  1.5  0.6 -0.1 -0.8 -0.3 -0.7  9.6 -1.2 -0.3 -0.6  3.8 -0.5 -0.8 -0.1 -0.8  6.6 -0.2 -0.1  7.9 -0.5 -0.2]
ty_50sample [[5 0]
 [4 5]
 [2 4]
 [2 0]
 [6 8]
 [8 1]
 [5 9]
 [5 4]
 [0 8]
 [2 1]]
tt_50sample [[5 0]
 [4 5]
 [2 4]
 [2 0]
 [6 8]
 [8 1]
 [5 9]
 [5 4]
 [0 8]
 [2 1]]
vm  [-1.2 -1.1 -0.3  5.1  1.9  2.8  0.7  1.3  0.2 -0.6 -0.8  1.8  5.9 -0.2 -1.8  5.6 -1.  -1.1 -0.5  1.7  3.   3.   1.8 -1.1 -0.9  1.2 -1.6 -1.   2.  -0.6  2.9  0.1  0.6 -0.4  2.   2.8 -0.9 -0.   4.7  5.6 -1.  -0.1 -1.4  5.   1.4 -0.9  0.4 -1.3 -1.7  4.1  0.1  2.4 -0.7  4.6  2.9 -0.2 -0.6 -2.1  4.  -0.3 -0.8 -0.7  0.5 -1.  -1.  -0.5 -0.3  1.8 -0.3 -0.8  1.1  0.2  1.9 -1.1  1.  -1.  -0.8  3.5 -0.3  0.8  5.1  0.3  0.1 -1.3 -1.  -1.6 -1.1  1.7  3.8  2.1  2.7 -0.6 -1.3  2.8  3.5 -0.3 -1.  -1.1 -0.8  1.2 -0.1 -0.   0.4  1.1  5.9 -0.7 -0.3  0.2 -0.7 -0.2 -0.3  2.8 -0.8 -0.4 -0.6  4.5 -0.1  1.1 -0.5 -0.2  3.  -0.5 -0.8 -0.3 -0.5 -0.5 -0.2 -0.8 -0.1 -1.1  2.6 -0.4 -1.   2.7 -0.3  1.4 -0.6  0.2 -0.3 -0.2  3.9 -0.3  0.5  2.2  2.6 -1.4 -0.1  7.2 -1.1  1.6 -1.  -0.3  1.2  1.8 -1.6 -0.   2.  -0.7  0.3  0.5  3.4 -0.8 -0.3 -0.1 -1.1 -0.2 -0.8 -0.6  1.9 -0.3 -0.6  0.3  3.6 -0.6  0.2  1.5 -2.1  0.4 -0.6 -1.3 -0.5  1.2 -0.5 -0.6 -0.8 -1.2 -1.  -1.5 -2.  -0.9 -0.7  0.1  3.3 -0.7  0.9 -0.9 -0.2  0.2 -1.4  0.7  2.8  0.5 -0.4 -0.5 -1.1 -0.1 -0.7 -2.   0.2  1.3  3.1 -0.6 -1.2  5.   4.8 -1.2 -1.2 -1.  -0.8  2.7  0.3 -0.8 -0.6  2.6  3.4  1.2  2.8  1.6  3.5 -0.9  0.1 -1.1 -0.6 -0.7  2.9  0.3 -0.5 -1.6  1.7  0.6 -0.3  2.7 -0.7  0.1 -1.1 -0.8 -0.4  0.1  2.  -0.9  0.6  3.  -0.  10.3 -0.1 -0. ]
vy_50sample [[9 9]
 [7 7]
 [6 6]
 [9 9]
 [0 0]
 [2 2]
 [4 1]
 [9 9]
 [7 8]
 [1 0]]
vt_50sample [[2 8]
 [8 4]
 [7 5]
 [0 9]
 [5 0]
 [1 1]
 [2 4]
 [9 8]
 [9 4]
 [4 1]]
Epoch   410: Training cost= 0.0470, Training acc= 0.7338, Validation cost= 4.7571, Validation acc= 0.2267
Epoch   420: Training cost= 0.0477, Training acc= 0.7401, Validation cost= 4.8297, Validation acc= 0.2272
Epoch   430: Training cost= 0.0424, Training acc= 0.7461, Validation cost= 4.8995, Validation acc= 0.2278
Epoch   440: Training cost= 0.0389, Training acc= 0.7519, Validation cost= 4.9405, Validation acc= 0.2283
Epoch   450: Training cost= 0.0345, Training acc= 0.7574, Validation cost= 5.0197, Validation acc= 0.2288
Epoch   460: Training cost= 0.0308, Training acc= 0.7626, Validation cost= 5.0640, Validation acc= 0.2293
Epoch   470: Training cost= 0.0273, Training acc= 0.7677, Validation cost= 5.1970, Validation acc= 0.2298
Epoch   480: Training cost= 0.0246, Training acc= 0.7725, Validation cost= 5.2843, Validation acc= 0.2303
Epoch   490: Training cost= 0.0218, Training acc= 0.7772, Validation cost= 5.3656, Validation acc= 0.2307
Epoch   500: Training cost= 0.0223, Training acc= 0.7816, Validation cost= 5.4470, Validation acc= 0.2311
tm  [-2.2  0.2  0.9  0.9 -0.6  5.1 -0.  -0.1 -1.2 -2.1  0.   5.8  0.8 -1.1  0.7 -0.3 -0.6  4.8 -1.7 -0.1 -1.2  3.9  4.7 -0.8 -1.6 -0.5 -1.6 -1.6  5.1  3.8  2.  -0.7 -1.1 -0.3 -0.4 -0.1  1.9 -1.8 -0.7  3.4 -0.1 -0.9 -0.4 -0.6 -1.4  7.9 -2.  -0.9 -2.7  1.3 -0.1  2.8  4.2  1.5  7.4  3.4 -0.   2.9  1.8  2.8 -1.3  0.8  2.1  0.9 -0.8  1.7  3.4 -1.6  1.3  0.4 -0.3  8.5  2.9  2.1  1.5 -1.6 -2.3  0.8  3.7 -0.3 -0.1  0.5  5.9  3.1  1.7 -1.   2.9  3.3 10.2 -0.1  3.4  0.8  1.   2.2 -0.2  1.1 -0.2 -1.7 -0.4 -1.3  0.4  0.  -0.4 -1.3  3.6  0.5 -0.2  0.2  0.6 -0.  -1.5 -0.9 -0.   1.7 -0.6 -0.3 -0.5  0.1 -0.8 -1.   2.3 -0.7  0.3 -1.  -1.8 -0.3 -0.4 -1.4 -1.5  2.2  2.3 -0.5 -0.6  5.6  2.8  3.1  5.2  1.6 -0.3 -1.2  2.9  0.5  4.3  1.9 11.3 -1.8 -1.2 -0.1 -0.7 -0.8 -1.3 -0.9  6.  -0.5 -0.6  2.1 -1.1 -2.3 -0.2 -1.   1.6 -0.3  2.8  2.6 -1.6 -1.1 -1.6 -0.6  1.7 -0.9 -0.8 -0.4  0.2 -1.7  4.1  5.2 -2.6  0.1 -0.6 -0.4 -0.4  3.5 -0.6 -0.3 -0.1 -1.3 -1.4 -0.5 -0.7 -0.3 -1.2  1.1 -0.2 -1.  -0.4 -0.4 -0.2  0.1 -0.9  3.4  2.1 -1.2 -0.7 -1.7  1.2 -0.8 -1.1 -0.2 -1.  -0.1  1.  -0.8 -1.1  4.9 -1.  -0.5  1.9 -1.2 -1.3  5.5 -0.3 -1.5  2.2 -0.1  2.8  2.4 -1.1 -0.4  6.2 -1.7 -0.4 -0.5 -0.3 -0.5  3.2  1.5  1.  -0.2 -0.7 -0.2 -0.7 11.2 -1.4 -0.2 -0.6  4.3 -0.5 -0.8 -0.  -0.9  7.5 -0.2 -0.2  9.  -0.4 -0.2]
ty_50sample [[5 0]
 [4 5]
 [2 4]
 [2 0]
 [6 8]
 [8 1]
 [5 9]
 [5 4]
 [0 8]
 [2 1]]
tt_50sample [[5 0]
 [4 5]
 [2 4]
 [2 0]
 [6 8]
 [8 1]
 [5 9]
 [5 4]
 [0 8]
 [2 1]]
vm  [-1.6 -1.1 -0.2  5.8  1.9  3.3  0.8  1.1  0.7 -0.8 -1.   2.2  6.5 -0.3 -2.1  6.1 -1.2 -1.3 -0.6  1.6  3.3  3.2  2.4 -1.3 -1.2  1.1 -1.6 -1.   2.2 -0.7  3.7  0.1  0.1 -0.4  2.3  3.  -0.9 -0.   5.4  6.  -1.2 -0.  -1.5  5.7  2.3 -0.9  0.4 -1.5 -1.9  5.2 -0.1  3.1 -0.6  4.7  3.2 -0.2 -0.8 -2.4  4.5 -0.4 -0.9 -0.8  0.8 -1.2 -1.2 -0.7 -0.5  1.8 -0.3 -1.   1.2  0.3  2.5 -1.2  1.3 -1.1 -1.   4.2 -0.3  0.7  5.7  0.9  0.  -1.3 -1.  -1.7 -1.1  2.1  4.1  2.   3.1 -0.5 -1.5  3.1  3.4 -0.2 -1.2 -1.2 -0.8  1.3  0.   0.1  0.8  1.   6.8 -0.8 -0.2  0.6 -0.9 -0.1 -0.5  3.  -0.9 -0.4 -0.7  4.7 -0.   1.4 -0.5 -0.2  3.5 -0.5 -0.8 -0.4 -0.7 -0.6 -0.4 -0.9 -0.  -1.4  2.6 -0.5 -1.2  3.5 -0.4  2.2 -0.7  0.2 -0.2 -0.3  4.7 -0.2  0.9  2.8  3.1 -1.6 -0.2  7.8 -1.2  1.8 -1.2 -0.4  1.4  1.9 -1.8  0.   2.4 -0.9  0.1  0.7  3.8 -0.9 -0.4 -0.1 -1.3 -0.2 -0.9 -0.6  2.1 -0.4 -0.7  0.3  3.8 -0.6  0.5  1.9 -2.3 -0.  -0.7 -1.6 -0.6  1.9 -0.5 -0.6 -0.9 -1.3 -1.1 -1.7 -2.4 -1.2 -0.9 -0.   4.3 -0.9  1.  -1.  -0.1  0.6 -1.6  1.3  3.   0.1 -0.5 -0.7 -1.1 -0.2 -0.9 -2.3 -0.1  1.4  3.1 -0.7 -1.4  6.1  5.2 -1.3 -1.4 -0.9 -0.8  2.9  0.2 -1.1 -0.6  2.7  4.   1.1  3.1  1.6  4.2 -1.   0.1 -1.2 -0.5 -0.9  3.7  0.2 -0.5 -1.9  1.6  0.9 -0.2  3.3 -1.  -0.  -1.3 -0.9 -0.3 -0.   2.6 -1.1  0.6  3.7 -0.1 12.4  0.2 -0.1]
vy_50sample [[9 9]
 [7 4]
 [6 6]
 [9 9]
 [0 0]
 [2 2]
 [4 1]
 [9 9]
 [2 8]
 [1 0]]
vt_50sample [[2 8]
 [8 4]
 [7 5]
 [0 9]
 [5 0]
 [1 1]
 [2 4]
 [9 8]
 [9 4]
 [4 1]]
Epoch   510: Training cost= 0.0210, Training acc= 0.7859, Validation cost= 5.5305, Validation acc= 0.2315
Epoch   520: Training cost= 0.0215, Training acc= 0.7900, Validation cost= 5.6147, Validation acc= 0.2319
Epoch   530: Training cost= 0.0211, Training acc= 0.7940, Validation cost= 5.6570, Validation acc= 0.2323
Epoch   540: Training cost= 0.0198, Training acc= 0.7978, Validation cost= 5.7075, Validation acc= 0.2326
Epoch   550: Training cost= 0.0183, Training acc= 0.8015, Validation cost= 5.7853, Validation acc= 0.2329
