Epoch    10: Training cost= 2.4290, Training acc= 0.1052, Validation cost= 2.4192, Validation acc= 0.1000
Epoch    20: Training cost= 2.2731, Training acc= 0.1180, Validation cost= 2.3210, Validation acc= 0.1037
Epoch    30: Training cost= 2.2365, Training acc= 0.1311, Validation cost= 2.3119, Validation acc= 0.1075
Epoch    40: Training cost= 2.1867, Training acc= 0.1453, Validation cost= 2.2649, Validation acc= 0.1138
Epoch    50: Training cost= 2.1487, Training acc= 0.1567, Validation cost= 2.2628, Validation acc= 0.1185
Epoch    60: Training cost= 2.1430, Training acc= 0.1666, Validation cost= 2.2820, Validation acc= 0.1216
Epoch    70: Training cost= 2.1698, Training acc= 0.1740, Validation cost= 2.3650, Validation acc= 0.1220
Epoch    80: Training cost= 2.1173, Training acc= 0.1800, Validation cost= 2.3143, Validation acc= 0.1217
Epoch    90: Training cost= 2.1242, Training acc= 0.1866, Validation cost= 2.3004, Validation acc= 0.1223
Epoch   100: Training cost= 2.0410, Training acc= 0.1940, Validation cost= 2.3127, Validation acc= 0.1226
tm  [-0.2 -0.3  0.7 -0.3  0.9  0.7 -0.  -0.3 -0.4 -0.2  0.2  0.7 -0.2 -0.6  0.1  0.6 -0.3  0.7  1.  -0.1  0.2  0.7 -0.5 -0.2 -0.4  1.2 -0.2  0.7  0.2 -0.1  1.7  0.1  0.6  1.  -0.1  1.5  0.4 -0.5 -0.2 -0.1 -0.2 -0.4 -0.1  0.9  0.7  0.6 -0.4 -0.2 -0.2 -0.1 -0.6  0.9  1.   0.3  0.1 -0.4 -0.   0.6 -0.5 -0.   0.6 -0.3  0.4  1.4 -0.3 -0.1 -0.1 -0.2 -0.6 -0.2 -0.1  0.1 -0.  -0.3  1.3 -0.1 -0.3  0.9  0.9 -0.2  0.4 -0.3  0.7 -0.8 -0.4  0.7  0.6 -0.1  2.3  0.1  0.1 -0.2 -0.1  0.9 -0.6  0.9  0.5 -0.1  0.5 -0.1 -0.4 -0.9 -0.1 -0.1  0.7 -0.1 -0.5  1.2  0.1  1.   0.3 -0.1 -0.7 -0.1  1.5  0.9  0.2 -0.1 -0.5  0.5  0.6 -0.2 -0.2  0.8  0.1 -0.2 -0.3  0.   0.  -0.1  0.6 -0.7 -0.  -0.6  1.9 -0.3 -0.5 -0.2  0.6 -0.7  0.6 -0.3  0.7 -0.3  0.6  0.2 -0.5 -0.3 -0.3 -0.2 -0.7  0.7 -0.1 -0.2  0.8 -0.5 -0.4 -0.  -0.  -0.5 -0.4 -0.  -0.3 -0.4 -0.1 -0.6  0.7  0.3  0.2 -0.1 -0.6 -0.   0.7  0.4 -0.2  1.2  0.3  0.2 -0.1  0.  -0.5  0.9 -0.3 -0.1 -0.1 -0.5  1.2 -0.2 -0.1  0.9  0.3  0.3 -0.2 -0.3 -0.2  0.5  0.2  0.1  0.2 -0.4 -0.1 -0.1 -0.1 -0.4 -0.5 -0.  -0.5 -0.2  0.5 -0.  -0.1  0.8 -0.1 -0.2 -0.3  1.  -0.3 -0.5 -0.   1.1 -0.1  0.3  0.5 -0.3  0.   1.1  1.2 -0.4  1.5 -0.2 -0.1 -0.7 -0.6 -0.4  0.4  0.9 -0.2 -0.3 -0.3  1.1 -0.3 -0.4 -0.1  0.4 -0.5  0.9  0.1  0.5 -0.3 -0.5  1.1 -0.2 -0.1  1.2 -0.7  0.8]
ty_50sample [[1 6 0 6 6 6]
 [8 8 8 4 8 7]
 [0 0 0 3 0 0]
 [1 3 0 1 1 0]
 [5 5 8 3 9 5]
 [6 6 6 6 6 6]
 [9 9 9 9 9 8]
 [1 1 1 1 1 1]
 [0 4 5 3 5 5]
 [2 2 2 2 8 2]]
tt_50sample [[5 0 3 3 7 9]
 [0 8 8 3 8 2]
 [9 1 9 0 6 0]
 [1 1 0 7 8 4]
 [5 1 3 3 8 9]
 [6 6 6 6 2 5]
 [7 5 9 9 6 8]
 [1 0 1 0 1 1]
 [0 4 5 7 2 4]
 [7 5 9 7 1 1]]
vm  [-0.2 -0.6 -0.3  0.2  1.5  1.1  1.3 -0.2 -0.4 -0.2 -0.6  0.  -0.1 -0.3  0.7  0.6 -0.7  0.2  1.2  0.2 -0.4 -0.1 -0.5 -0.7 -0.1  1.2 -0.5  0.2 -0.2 -0.1  2.6 -0.5  0.2 -0.5 -0.1  1.9 -0.3 -0.3 -0.9  0.4 -0.3 -0.6 -0.2  0.1  0.8  2.7  0.8 -0.5 -0.5  1.8 -0.5  1.7  0.4  1.3  1.3 -0.3 -0.5 -0.1 -0.2  1.5  0.7 -0.2  0.8 -0.  -0.6 -0.2 -0.3 -0.1 -0.7 -0.5 -0.1  2.4 -0.4 -0.8 -0.2 -0.1 -0.2  0.   0.9  0.   1.9 -0.3 -0.  -1.  -1.  -0.4 -0.1  0.3 -0.  -0.3 -0.3  0.4 -0.2  2.3  0.7  0.3  0.8 -0.  -0.5  2.2  0.8 -0.6  2.   0.9 -0.1 -0.6 -1.3 -0.1 -0.  -0.   1.3 -0.  -0.5 -0.5  1.8  1.1  2.6 -0.5 -0.3 -0.1 -0.4 -0.2 -0.3  1.1 -0.1  0.7 -0.3 -0.6  2.1 -0.4 -0.3 -0.6 -0.  -0.2  1.8 -0.1 -0.4 -0.2 -0.6 -0.3  3.7 -0.3 -0.1 -0.2 -0.3  1.2  0.9  0.1 -0.3 -0.  -0.7 -0.   1.3 -0.   1.1 -0.8 -0.8 -0.2 -0.  -0.2 -0.5 -0.6  1.  -0.  -0.1 -0.9  2.   0.8  0.2  0.4 -0.4 -0.2 -0.   0.6 -0.6  1.1 -0.3 -0.4 -0.3  2.4 -0.6 -0.3  1.1  2.2 -0.2 -0.1  0.3  1.  -0.2 -0.4  1.   1.4 -0.1  0.4 -0.5  1.5 -0.3 -0.7 -0.  -0.3  1.1  1.8 -0.3  0.7 -0.2 -0.5 -0.4 -0.3  0.7 -0.   3.8 -0.1 -0.3  0.7  1.2 -0.2  0.6 -0.  -0.2 -0.2  0.2  1.2  1.3  0.5  0.8  1.1  1.1 -0.1  3.7  0.2 -0.2  0.5 -0.   0.8  2.2  0.7 -0.5 -0.4 -0.6  0.2 -0.3 -0.5 -0.4 -0.1 -0.5  1.4 -0.2  2.  -0.1 -0.4  0.4 -0.2 -0.3  0.4 -0.4 -0.2]
vy_50sample [[8 8 8 9 9 8]
 [3 1 3 3 1 3]
 [3 4 3 4 4 0]
 [9 9 9 9 5 9]
 [0 0 0 0 0 1]
 [5 9 5 9 7 9]
 [7 9 7 8 7 9]
 [9 8 6 9 3 6]
 [2 4 2 2 2 2]
 [0 0 0 2 0 0]]
vt_50sample [[6 4 9 6 6 8]
 [4 2 6 4 8 2]
 [1 6 8 0 1 6]
 [9 3 4 1 8 8]
 [3 3 3 1 3 2]
 [8 7 2 2 9 8]
 [9 7 1 9 6 5]
 [7 4 2 5 9 3]
 [7 1 0 6 7 1]
 [1 9 4 4 0 0]]
Epoch   110: Training cost= 1.9918, Training acc= 0.2023, Validation cost= 2.3193, Validation acc= 0.1236
Epoch   120: Training cost= 1.9296, Training acc= 0.2117, Validation cost= 2.3374, Validation acc= 0.1245
Epoch   130: Training cost= 1.8600, Training acc= 0.2214, Validation cost= 2.3762, Validation acc= 0.1252
Epoch   140: Training cost= 1.8135, Training acc= 0.2312, Validation cost= 2.4167, Validation acc= 0.1257
Epoch   150: Training cost= 1.8489, Training acc= 0.2399, Validation cost= 2.4978, Validation acc= 0.1258
Epoch   160: Training cost= 1.7032, Training acc= 0.2480, Validation cost= 2.5094, Validation acc= 0.1257
Epoch   170: Training cost= 1.6233, Training acc= 0.2569, Validation cost= 2.5677, Validation acc= 0.1259
Epoch   180: Training cost= 1.5368, Training acc= 0.2664, Validation cost= 2.6296, Validation acc= 0.1261
Epoch   190: Training cost= 1.5482, Training acc= 0.2760, Validation cost= 2.8459, Validation acc= 0.1262
Epoch   200: Training cost= 1.6152, Training acc= 0.2828, Validation cost= 2.7526, Validation acc= 0.1258
tm  [-0.1 -0.6  0.2 -0.5  1.3  1.7  0.9 -0.5  0.3 -0.2  0.3 -0.  -0.3 -0.1  0.5  1.   0.1  1.4  1.  -0.1 -0.1  0.9 -0.8 -0.3  0.1  1.5  0.2  1.5 -0.   0.2  3.3  0.8  1.9  2.1  1.   2.1 -0.2  0.   0.5  1.5  1.  -0.3 -0.1  1.4  1.1  0.2  0.2  0.4 -0.3 -0.3 -0.4  1.6  1.7 -0.  -0.  -0.2  0.2  1.2 -0.5 -0.2  1.3 -0.5  0.7  0.8 -0.6 -0.   0.2  0.3 -0.9 -0.6 -0.2  1.   0.7 -0.3  1.7 -0.3 -0.4  0.8  0.8 -0.3  0.8 -0.5  1.1 -1.  -0.5  1.   0.7 -0.2  2.2  1.3  0.8 -0.3  0.2  1.6 -0.6  1.1  1.1 -0.6  0.5  0.1 -0.7 -1.  -0.1 -0.3 -0.   0.9 -0.8  1.5 -0.   1.8  0.8  0.2 -0.6 -0.3  2.1  2.   0.5 -0.1 -0.4  0.6  0.6 -0.1 -0.4  1.2  0.2 -0.4 -0.5 -0.2  1.  -0.4  0.7 -0.   0.7 -0.1  2.7 -0.2 -0.5  0.1  0.8 -0.8  2.4 -0.2  0.6 -0.3  0.4  1.4 -0.3 -0.4  0.3 -0.2 -1.   2.1  0.6 -0.1  0.8 -0.5 -0.4  0.2  0.  -0.3 -0.2  1.  -0.7 -0.7 -0.1 -0.7  1.1  1.1  1.7  0.2 -0.8 -0.4  0.7  1.6 -0.1  1.9  0.4  0.   0.1 -0.  -0.7  1.1 -0.7 -0.3  0.4 -0.4  2.4 -0.1 -0.4  0.1  0.5  0.4 -0.1 -0.1 -0.1  2.2  1.   1.2  0.4 -0.6  0.4  1.7 -0.1 -0.5 -1.   1.2 -0.3 -0.1 -0.2  0.6 -0.1  2.1 -0.4 -0.4 -0.1  1.7 -0.1 -0.4 -0.1  1.4  0.2  2.   2.   0.  -0.1  1.2  1.6 -1.   2.8  0.1  1.6 -1.1 -0.9 -0.6  0.3  1.1 -0.1  0.3 -0.3  0.1 -0.2 -0.6 -0.   0.9 -0.9  1.5  0.9  0.9 -0.8 -0.4  1.8 -0.3  0.9  1.9 -1.1  3.2]
ty_50sample [[3 3 3 3 7 7]
 [8 8 8 8 8 8]
 [9 9 9 9 9 9]
 [1 7 8 7 7 8]
 [9 9 8 3 3 9]
 [6 6 6 6 6 6]
 [9 8 9 9 8 8]
 [1 1 1 1 1 1]
 [4 4 4 4 2 4]
 [7 5 7 7 7 7]]
tt_50sample [[5 0 3 3 7 9]
 [0 8 8 3 8 2]
 [9 1 9 0 6 0]
 [1 1 0 7 8 4]
 [5 1 3 3 8 9]
 [6 6 6 6 2 5]
 [7 5 9 9 6 8]
 [1 0 1 0 1 1]
 [0 4 5 7 2 4]
 [7 5 9 7 1 1]]
vm  [-0.6 -0.7 -0.1  1.3  3.5  3.1  1.3 -0.2 -0.2 -0.1 -0.9  0.4 -0.5  0.2  1.3  2.8 -0.7  0.6  2.   0.4 -0.8 -0.1 -0.6 -0.7  0.1  0.1 -0.8  0.   0.2 -0.1  4.3 -1.   0.9 -0.7 -0.3  2.5 -0.3  0.5 -0.6  1.9 -0.  -0.5 -0.4  1.1  1.3  3.9  2.1 -0.6 -0.8  2.2 -0.3  1.7  2.5  2.2  3.2 -0.1 -0.9 -0.1  0.8  3.4  2.5  0.1  1.6 -0.4 -1.  -0.6 -1.   0.  -1.1 -1.  -0.1  3.3  0.6 -1.5 -0.2 -0.5 -0.5 -0.3  1.  -0.1  3.6 -0.2 -0.2 -1.4 -1.6 -1.1 -0.2 -0.1 -0.1 -0.5 -0.8  1.3  0.2  3.7  2.1  0.1  0.5 -0.2 -1.   4.1 -0.3 -1.4  2.7  2.  -0.5 -0.4 -1.3 -0.2  0.3  0.9  2.6  0.3 -0.7 -1.   1.4  2.5  5.  -1.1 -0.1  1.4 -0.8 -0.1 -0.7  0.1 -0.4 -0.2 -0.3 -1.   3.2 -0.8 -0.4  0.2 -0.2  1.4  1.5 -0.1 -0.3  0.1 -0.4 -0.1  6.5 -0.3 -0.2 -0.6 -0.2  2.8  2.5  0.3  0.1 -0.5 -1.8  2.1  2.5  0.9  2.7 -1.1 -0.3 -0.5 -0.   0.4 -0.5 -0.5  0.9 -0.3  0.1 -1.3  5.1  2.3  1.7  1.  -0.7 -0.8  0.2  1.7 -0.4  2.5 -0.5 -0.4 -0.5  2.9 -0.5 -0.3  1.1  3.6  0.4  1.2  0.8  1.5 -0.3 -1.   2.4  2.2  1.3  1.9 -0.4  5.2 -0.3 -0.3  0.3 -0.6  1.3  4.3 -0.6  1.2 -0.5 -0.3 -0.1 -0.4  0.1  2.3  5.  -0.  -0.5  0.8  1.  -0.1 -0.   0.4 -0.4 -0.5  1.1  0.8  3.1  3.  -0.   0.6  0.6 -0.5  7.1  2.4  0.6  1.3 -0.2  3.   2.3  0.9 -0.7 -0.1 -1.3  0.3 -0.1 -0.4 -0.7 -0.7 -1.1  1.7  0.   2.5 -0.2 -0.6 -0.1  0.8  1.3  2.9 -0.8  1.1]
vy_50sample [[8 8 8 8 8 8]
 [3 1 3 3 1 3]
 [7 7 7 7 7 7]
 [8 8 3 8 2 8]
 [2 2 1 2 2 1]
 [7 7 7 7 7 7]
 [7 7 7 7 7 7]
 [7 3 7 7 3 7]
 [5 5 5 5 5 5]
 [8 3 2 2 8 3]]
vt_50sample [[6 4 9 6 6 8]
 [4 2 6 4 8 2]
 [1 6 8 0 1 6]
 [9 3 4 1 8 8]
 [3 3 3 1 3 2]
 [8 7 2 2 9 8]
 [9 7 1 9 6 5]
 [7 4 2 5 9 3]
 [7 1 0 6 7 1]
 [1 9 4 4 0 0]]
Epoch   210: Training cost= 1.4384, Training acc= 0.2904, Validation cost= 2.7910, Validation acc= 0.1255
Epoch   220: Training cost= 1.3869, Training acc= 0.2990, Validation cost= 2.8801, Validation acc= 0.1254
Epoch   230: Training cost= 1.2864, Training acc= 0.3084, Validation cost= 2.9732, Validation acc= 0.1254
Epoch   240: Training cost= 1.2310, Training acc= 0.3181, Validation cost= 3.1023, Validation acc= 0.1252
Epoch   250: Training cost= 1.1866, Training acc= 0.3279, Validation cost= 3.2390, Validation acc= 0.1251
Epoch   260: Training cost= 1.1945, Training acc= 0.3363, Validation cost= 3.3195, Validation acc= 0.1249
Epoch   270: Training cost= 1.1408, Training acc= 0.3443, Validation cost= 3.2895, Validation acc= 0.1247
Epoch   280: Training cost= 1.0905, Training acc= 0.3535, Validation cost= 3.3974, Validation acc= 0.1245
Epoch   290: Training cost= 1.0340, Training acc= 0.3626, Validation cost= 3.5324, Validation acc= 0.1242
Epoch   300: Training cost= 0.9682, Training acc= 0.3721, Validation cost= 3.5576, Validation acc= 0.1240
tm  [-0.1 -0.6 -0.1 -0.7  0.7  2.3  1.2 -0.9  0.6  0.1  1.1 -0.2 -0.3  0.2  0.2  1.4  1.6  1.5  0.6 -0.4  0.5  0.6 -0.8 -0.6  0.3  1.4  0.5  1.7  0.6  0.4  2.8  1.3  2.6  2.8  2.   1.9  0.2 -0.1  0.8  2.2  1.6  0.3 -0.2  1.9  1.9  0.7  0.5  1.6 -0.1 -0.4 -0.5  1.8  1.3  0.2 -0.2 -0.3  0.8  1.3 -0.4  0.1  1.9 -0.7  1.3  1.9 -0.7  0.4  2.  -0.  -0.5 -0.4 -0.1  1.2  1.1 -0.1  1.1 -0.4 -0.7  0.8 -0.1 -0.5  0.2 -0.5  0.7 -0.7 -0.6  0.9  0.8 -0.3  3.4  1.7  2.  -0.5  0.   1.4 -0.8 -0.   0.6 -0.6  0.7 -0.2 -0.7 -1.  -0.2 -0.1 -0.1  1.2 -0.7  2.4 -0.1  2.1 -0.   0.6 -0.5 -0.1  2.6  2.1 -0.3 -0.1 -0.5 -0.1  0.9 -0.1 -0.2  1.7  0.1 -0.5 -0.7 -0.2  0.6 -0.5  0.3  0.1  0.9 -0.1  3.3 -0.4 -0.5  1.2  0.7 -0.9  2.4 -0.2  0.6 -0.6  0.8  1.5 -0.4 -0.5  0.1  0.5 -0.8  2.5  0.4  0.1  1.  -0.4 -0.1  0.1 -0.2 -0.4 -0.1  0.9 -0.7 -0.6 -0.1 -0.7 -0.   0.5  1.7  0.2 -0.9 -0.3  0.9  1.7 -0.   2.9  0.8 -0.2  0.6 -0.2 -0.6  0.3 -0.7 -0.6  1.1 -0.5  2.6 -0.2 -0.4  0.9  1.4 -0.1  0.  -0.2 -0.3  1.7  0.7  2.   1.4 -0.7  0.4  2.1  0.2 -0.7 -0.9  0.9 -0.3 -0.1  0.   0.9 -0.3  2.5 -0.4 -0.7 -0.4  3.  -0.4 -0.2 -0.   1.5  0.8  2.7  1.5  0.3 -0.3  1.3  2.1 -1.   2.1 -0.   1.6 -1.2 -0.9 -0.9  0.5  1.7  0.4  1.2 -0.1  0.4 -0.3 -0.8  1.   2.2 -1.   1.7  1.6 -0.  -1.2 -0.4  2.6 -0.5  2.   1.4 -1.3  4.1]
ty_50sample [[5 3 3 3 7 3]
 [8 8 8 3 8 8]
 [6 1 9 0 6 0]
 [1 1 0 1 1 4]
 [8 3 3 3 3 9]
 [6 6 6 6 6 6]
 [7 5 9 9 6 8]
 [1 1 1 1 1 1]
 [0 4 7 7 2 4]
 [7 5 7 7 7 1]]
tt_50sample [[5 0 3 3 7 9]
 [0 8 8 3 8 2]
 [9 1 9 0 6 0]
 [1 1 0 7 8 4]
 [5 1 3 3 8 9]
 [6 6 6 6 2 5]
 [7 5 9 9 6 8]
 [1 0 1 0 1 1]
 [0 4 5 7 2 4]
 [7 5 9 7 1 1]]
vm  [-1.  -0.8  0.   1.7  4.1  3.4  0.6 -0.3 -0.3 -0.3 -0.6  0.2 -0.5 -0.3  1.8  4.1 -1.   1.6  2.7 -0.4 -0.8 -0.2 -0.6 -0.8 -0.1 -0.  -1.2  0.1 -0.  -0.2  4.  -1.   1.5 -0.9 -0.6  1.5 -0.2  0.5 -0.6  0.6 -0.1 -0.7 -0.5  2.2  1.2  5.   2.7 -0.7 -0.9  2.3 -0.3  1.5  2.8  3.   3.4 -0.1 -1.2  0.3  0.3  4.8  3.7  0.6  1.8 -0.5 -1.  -0.7 -1.  -0.  -1.2 -1.   0.2  4.1  1.  -1.8 -0.4 -0.3 -0.6 -0.1  0.3 -0.4  3.5 -0.5 -0.4 -1.3 -1.7 -1.6 -0.2 -0.  -0.  -0.3 -0.9  1.4 -0.1  3.7  2.1 -0.1  0.5 -0.2 -1.   4.2 -0.6 -1.6  3.1  2.7 -0.7 -0.5 -0.9 -0.5  0.6  0.6  3.3  0.6 -0.7 -0.9  1.3  2.9  5.3 -1.4 -0.1  1.5 -0.9 -0.  -0.5  0.3 -0.5  0.2 -0.  -1.3  2.9 -0.7 -0.5 -0.1 -0.4  1.7  1.4 -0.1 -0.5  0.3 -0.5 -0.3  7.2 -0.1 -0.6 -1.  -0.1  2.9  3.7  0.4  0.1 -0.4 -1.8  3.   2.1  2.2  3.3 -1.4  0.6 -0.6 -0.   0.5 -0.6 -0.5  0.7 -0.3  1.2 -1.3  5.7  2.2  2.1  0.9 -0.4 -1.1  0.8  1.  -0.3  2.9 -0.6 -0.5 -0.6  2.1 -0.3 -0.3  1.5  3.9  1.5  1.   1.   1.6 -0.5 -1.1  3.4  2.8  1.3  2.6 -0.5  5.3 -0.5 -0.2 -0.1 -0.9  1.7  4.8 -0.9  2.1 -0.6 -0.2  1.4 -0.5 -0.   3.5  4.9  0.6 -0.5 -0.   0.1 -0.  -0.3  0.6 -0.4 -0.7  1.1  1.3  3.   4.1 -0.2 -0.   1.  -0.5  7.9  3.8  0.3  1.8 -0.2  4.2  1.3  1.2 -1.   0.2 -1.6  0.5  0.6 -0.7 -0.9 -1.  -1.1  1.5  0.6  2.5 -0.1 -0.5 -0.1  1.3  2.8  3.3 -0.8  1.7]
vy_50sample [[8 8 8 8 8 8]
 [3 1 3 3 3 3]
 [7 7 7 4 4 7]
 [3 4 3 3 2 3]
 [1 1 1 1 1 1]
 [7 7 7 7 7 4]
 [7 7 7 7 7 7]
 [3 3 3 3 3 3]
 [5 5 5 5 5 5]
 [8 4 8 8 8 0]]
vt_50sample [[6 4 9 6 6 8]
 [4 2 6 4 8 2]
 [1 6 8 0 1 6]
 [9 3 4 1 8 8]
 [3 3 3 1 3 2]
 [8 7 2 2 9 8]
 [9 7 1 9 6 5]
 [7 4 2 5 9 3]
 [7 1 0 6 7 1]
 [1 9 4 4 0 0]]
Epoch   310: Training cost= 0.9173, Training acc= 0.3821, Validation cost= 3.6669, Validation acc= 0.1238
Epoch   320: Training cost= 0.8704, Training acc= 0.3929, Validation cost= 3.7857, Validation acc= 0.1236
Epoch   330: Training cost= 0.8679, Training acc= 0.4033, Validation cost= 3.8961, Validation acc= 0.1233
Epoch   340: Training cost= 0.8650, Training acc= 0.4130, Validation cost= 3.9249, Validation acc= 0.1230
Epoch   350: Training cost= 0.7615, Training acc= 0.4226, Validation cost= 4.1093, Validation acc= 0.1228
Epoch   360: Training cost= 0.7038, Training acc= 0.4327, Validation cost= 4.1060, Validation acc= 0.1226
Epoch   370: Training cost= 0.6872, Training acc= 0.4429, Validation cost= 4.2457, Validation acc= 0.1224
Epoch   380: Training cost= 0.6574, Training acc= 0.4531, Validation cost= 4.3727, Validation acc= 0.1223
Epoch   390: Training cost= 0.6129, Training acc= 0.4629, Validation cost= 4.4816, Validation acc= 0.1221
Epoch   400: Training cost= 0.5683, Training acc= 0.4724, Validation cost= 4.5266, Validation acc= 0.1219
tm  [-0.2 -0.9 -0.1 -0.8  0.6  2.8  2.3 -1.2  0.7  0.3  1.9 -0.5 -0.3  0.7  0.2  2.4  2.4  1.7  0.  -0.5  0.8  0.5 -0.9 -0.8  0.8  1.6  0.5  2.3 -0.   0.7  3.4  1.6  3.5  3.7  3.3  2.2  0.6  0.1  2.1  2.8  2.8  1.3 -0.2  1.9  2.9  0.6  1.2  2.6  0.2 -0.3 -0.5  2.6  1.5  0.6 -0.3 -0.4  1.2  2.  -0.3 -0.1  1.9 -0.8  2.1  3.3 -0.8  0.5  2.9 -0.  -0.3 -0.4  0.   1.8  1.4  0.2  0.5 -0.4 -1.   0.9 -0.1 -0.8  0.5 -0.8  1.1 -0.9 -0.9  1.1  1.4 -0.5  3.4  2.2  2.6 -0.6  0.3  2.1 -1.  -0.1  1.1 -0.7  1.1 -0.2 -0.9 -1.1 -0.6 -0.  -0.4  1.7 -0.6  3.5 -0.2  3.  -0.2  0.9 -0.5  0.4  2.5  2.2 -0.4 -0.  -0.7 -0.3  1.3 -0.1 -0.2  2.2 -0.  -0.7 -0.8 -0.4  0.2 -0.8  0.7  0.   1.5 -0.2  4.  -0.6 -0.5  1.5  1.3 -1.2  3.5 -0.2  1.  -0.7  1.2  2.  -0.3 -0.6  0.7  1.6 -1.   2.8  0.8  0.4  1.5 -0.4 -0.4  0.5 -0.5 -0.6 -0.1  0.8 -0.8 -0.5 -0.1 -0.7 -0.2  0.3  1.8  0.2 -1.1 -0.1  1.1  2.1 -0.1  3.1  1.9 -0.6  1.  -0.3 -0.7  0.1 -0.9 -0.6  1.1 -0.7  2.8 -0.4 -0.4  1.6  2.4 -0.2  0.4 -0.4 -0.4  1.4  0.4  2.1  2.  -0.9  0.6  3.   0.2 -1.  -1.   1.1 -0.1 -0.1  0.1  0.9 -0.6  2.9 -0.5 -1.2 -0.5  3.2 -0.7 -0.3 -0.   1.1  1.6  3.4  1.7  0.6 -0.3  1.5  2.9 -1.5  2.7  0.2  1.9 -1.5 -1.2 -1.2  1.2  2.4  1.2  2.5 -0.1  0.3 -0.5 -1.1  1.7  3.7 -1.4  2.7  2.2  0.2 -1.6 -0.4  3.  -0.7  2.7  1.3 -1.6  5. ]
ty_50sample [[5 0 3 3 7 0]
 [0 8 8 3 8 2]
 [9 1 9 0 6 0]
 [1 1 0 7 8 4]
 [5 1 3 3 8 9]
 [6 6 6 6 2 6]
 [7 5 7 9 6 8]
 [1 0 1 0 1 1]
 [0 4 5 7 2 4]
 [7 5 7 7 1 1]]
tt_50sample [[5 0 3 3 7 9]
 [0 8 8 3 8 2]
 [9 1 9 0 6 0]
 [1 1 0 7 8 4]
 [5 1 3 3 8 9]
 [6 6 6 6 2 5]
 [7 5 9 9 6 8]
 [1 0 1 0 1 1]
 [0 4 5 7 2 4]
 [7 5 9 7 1 1]]
vm  [-1.  -0.7  0.   1.6  4.5  4.2  0.2 -0.2 -0.5 -0.5 -0.7  0.5 -0.5 -0.3  2.4  6.1 -1.1  2.7  3.1 -0.4 -0.7 -0.5 -1.  -0.9 -0.2 -0.1 -1.4 -0.1 -0.1 -0.3  3.9 -1.2  2.9 -1.3 -0.7  0.8 -0.2  0.8 -0.8  0.6 -0.2 -0.8 -0.8  3.7  1.5  6.2  3.1 -0.7 -1.3  2.4 -0.3  1.6  3.9  2.2  4.3 -0.3 -1.5  1.7  0.3  6.9  5.9  0.9  3.5 -0.6 -1.2 -0.8 -1.2  0.4 -1.3 -1.   0.1  5.2  2.3 -2.1 -0.6 -0.8 -0.8  0.5  1.1 -0.9  2.8 -0.6 -0.5 -1.3 -2.  -1.9 -0.4  0.1 -0.1 -0.3 -0.8  2.   0.4  4.6  2.3 -0.1  1.2 -0.6 -1.3  4.4 -0.9 -1.9  4.3  2.9 -1.1 -0.4 -1.1 -0.5  1.3  0.2  3.8  1.1 -0.9 -0.9  1.2  3.1  6.  -1.7 -0.1  3.1 -0.8 -0.2 -0.6  0.4 -0.6  0.7  0.4 -1.8  3.4 -0.9 -0.5  0.1 -0.6  1.3  1.8 -0.2 -0.3 -0.1 -0.5 -0.5  8.8 -0.3 -0.6 -1.6  0.2  3.5  4.7  0.7 -0.2 -0.6 -2.   3.7  2.5  3.3  3.9 -1.7  1.  -0.6 -0.1  0.6 -0.7 -0.7  0.4 -0.2  1.9 -1.4  7.1  2.6  2.6  0.7 -0.4 -1.2  1.2  1.6 -0.3  4.9 -0.6 -0.7 -0.7  1.2 -0.3 -0.3  1.2  4.9  2.2  0.8  0.9  2.  -0.5 -1.3  4.7  3.1  1.8  3.  -0.6  6.1 -0.7 -0.2 -0.1 -0.9  3.1  5.7 -1.2  2.1 -0.6 -0.1  2.5 -0.5 -0.1  4.8  5.   0.4 -0.7 -0.1 -0.1 -0.1 -0.7  0.5 -0.5 -1.   2.9  1.3  3.5  5.5 -0.3 -0.   1.6 -0.8  9.6  5.2 -0.2  1.7 -0.2  6.2  0.8  2.2 -1.1  0.9 -2.2 -0.   0.2 -0.9 -1.3 -1.  -1.3  1.6  0.9  3.5 -0.  -0.5 -0.2  2.3  4.1  4.  -0.9  2.4]
vy_50sample [[8 8 8 8 8 8]
 [3 3 3 3 3 3]
 [7 7 7 4 4 7]
 [3 3 3 3 2 2]
 [5 5 1 5 5 1]
 [7 7 7 7 7 3]
 [7 7 7 7 7 7]
 [7 3 3 3 3 7]
 [2 0 5 5 5 2]
 [8 0 8 8 8 0]]
vt_50sample [[6 4 9 6 6 8]
 [4 2 6 4 8 2]
 [1 6 8 0 1 6]
 [9 3 4 1 8 8]
 [3 3 3 1 3 2]
 [8 7 2 2 9 8]
 [9 7 1 9 6 5]
 [7 4 2 5 9 3]
 [7 1 0 6 7 1]
 [1 9 4 4 0 0]]
Epoch   410: Training cost= 0.5606, Training acc= 0.4818, Validation cost= 4.6259, Validation acc= 0.1217
Epoch   420: Training cost= 0.4802, Training acc= 0.4916, Validation cost= 4.7444, Validation acc= 0.1215
Epoch   430: Training cost= 0.4608, Training acc= 0.5014, Validation cost= 4.8953, Validation acc= 0.1214
Epoch   440: Training cost= 0.5069, Training acc= 0.5100, Validation cost= 4.9556, Validation acc= 0.1212
Epoch   450: Training cost= 0.4461, Training acc= 0.5178, Validation cost= 4.8898, Validation acc= 0.1211
Epoch   460: Training cost= 0.3720, Training acc= 0.5267, Validation cost= 4.9458, Validation acc= 0.1210
Epoch   470: Training cost= 0.3286, Training acc= 0.5359, Validation cost= 5.0809, Validation acc= 0.1209
Epoch   480: Training cost= 0.2892, Training acc= 0.5450, Validation cost= 5.2476, Validation acc= 0.1207
Epoch   490: Training cost= 0.2569, Training acc= 0.5539, Validation cost= 5.4103, Validation acc= 0.1207
Epoch   500: Training cost= 0.2304, Training acc= 0.5627, Validation cost= 5.5845, Validation acc= 0.1206
tm  [-0.1 -1.  -0.3 -0.8  0.8  3.7  2.9 -1.4  0.5  0.4  2.7 -0.9 -0.   1.   0.8  3.6  3.9  1.  -0.  -0.5  1.1  0.2 -1.  -1.1  1.8  1.6  1.4  1.8 -0.1  0.5  4.1  1.8  4.4  4.9  4.4  2.3  1.3 -0.   3.   3.2  3.5  2.5 -0.4  2.4  3.7  0.9  1.5  3.5  0.7 -0.2 -0.7  3.3  2.3  1.3 -0.2 -0.7  1.2  2.7 -0.1 -0.3  2.6 -1.3  3.2  5.  -0.6  0.9  4.7 -0.  -0.1 -0.5 -0.   2.1  1.5  0.4  0.1 -0.8 -1.2  1.6 -0.3 -1.5  0.4 -0.8  1.3 -1.  -1.1  1.2  2.6 -0.5  3.   3.3  2.9 -0.7  1.1  2.  -1.1 -0.1  1.4 -1.   0.9 -0.1 -0.8 -0.9 -0.9 -0.  -0.7  2.5 -0.5  4.8 -0.2  3.4 -0.4  1.5 -0.5  1.   2.3  2.1 -0.8 -0.1 -0.9 -0.4  2.  -0.1 -0.2  2.8 -0.1 -0.8 -0.9 -0.4  0.7 -1.3  1.6 -0.1  1.8 -0.3  5.2 -0.5 -0.6  2.1  2.  -1.6  5.  -0.1  1.  -0.9  2.   2.6 -0.4 -0.6  1.7  2.8 -1.2  2.7  1.4  0.1  2.1 -0.3 -0.4  0.7 -0.7 -0.7  0.1  0.6 -1.  -0.5 -0.3 -0.6 -0.3  0.1  2.5  0.  -1.2  0.9  1.3  2.6  0.1  3.6  2.7 -0.9  1.2 -0.6 -0.5 -0.  -1.1 -0.5  1.7 -1.1  3.  -0.4 -0.5  3.4  3.2 -0.3  0.3 -0.8 -0.6  1.   0.3  2.   2.7 -0.9  0.1  3.9  0.3 -1.2 -1.2  1.4 -0.1  0.6  0.2  0.6 -0.8  3.1 -0.7 -1.6 -0.6  3.1 -0.9 -0.3 -0.1  0.8  3.   3.7  2.1  0.4 -0.2  2.1  3.2 -1.6  3.5  0.6  2.6 -1.5 -1.5 -1.4  1.7  2.7  2.6  3.7  0.4  1.  -0.8 -1.3  2.3  4.5 -1.8  4.1  3.1  0.3 -2.1 -0.5  3.3 -1.1  3.6  0.6 -2.   5.7]
ty_50sample [[5 0 3 3 7 9]
 [0 8 8 3 8 2]
 [9 1 9 0 6 0]
 [1 1 0 7 8 4]
 [5 1 3 3 8 9]
 [6 6 6 6 2 5]
 [7 5 9 9 6 8]
 [1 0 1 0 1 1]
 [0 4 5 7 2 4]
 [7 5 9 7 1 1]]
tt_50sample [[5 0 3 3 7 9]
 [0 8 8 3 8 2]
 [9 1 9 0 6 0]
 [1 1 0 7 8 4]
 [5 1 3 3 8 9]
 [6 6 6 6 2 5]
 [7 5 9 9 6 8]
 [1 0 1 0 1 1]
 [0 4 5 7 2 4]
 [7 5 9 7 1 1]]
vm  [-1.  -0.4  0.1  2.1  5.8  4.8 -0.   0.3 -0.4 -0.7 -0.7  0.6 -0.5 -0.4  2.7  8.6 -1.4  3.4  3.5 -0.4 -0.9 -0.8 -1.3 -1.  -0.2 -0.1 -1.4 -0.3 -0.  -0.4  4.4 -1.4  3.8 -1.6 -1.   0.2 -0.4  1.3 -0.9  0.7 -0.1 -0.8 -1.2  6.1  1.6  7.6  4.2 -1.1 -1.5  2.8 -0.3  2.1  5.   1.9  4.7 -0.3 -1.8  2.5  0.3  9.6  8.4  1.3  4.9 -0.9 -1.4 -1.1 -1.3  0.5 -1.8 -1.  -0.3  5.8  3.6 -2.7 -0.7 -1.2 -0.9  1.6  2.5 -1.3  2.4 -0.7 -0.8 -1.6 -2.3 -2.2 -0.6  0.2 -0.3 -0.2 -1.   2.6  0.8  5.4  2.8 -0.   1.7 -0.9 -1.8  4.6 -1.4 -2.3  5.6  3.  -1.5 -0.4 -1.4 -0.8  1.6 -0.2  4.5  2.1 -1.2 -0.8  0.8  3.8  7.3 -2.2 -0.2  4.9 -0.8 -0.4 -0.9  0.5 -0.6  1.   1.3 -2.1  5.2 -1.1 -0.4  0.5 -0.9  1.2  2.1 -0.1 -0.4 -0.3 -0.3 -0.5 10.7 -0.5 -0.7 -2.3  0.4  5.   6.5  0.8 -0.2 -0.6 -2.5  4.1  2.3  3.7  4.7 -1.8  1.8 -0.7 -0.1  1.  -0.8 -0.9  0.4 -0.1  2.1 -1.6  8.5  4.1  4.   0.9 -0.5 -1.4  1.8  2.4 -0.5  6.7 -0.5 -0.8 -1.   0.6 -0.1 -0.3  1.3  5.5  3.6  0.9  0.6  2.8 -0.5 -1.7  5.8  4.1  2.3  3.7 -0.7  7.8 -1.  -0.4 -0.1 -1.3  3.8  6.5 -1.5  2.6 -0.9  0.2  2.8 -0.5 -0.3  6.8  5.8  0.7 -1.  -0.1 -0.5 -0.1 -1.  -0.1 -0.7 -1.   4.4  1.6  4.9  7.4 -0.6 -0.   1.8 -0.9 11.5  6.9 -0.2  1.5 -0.2  8.6  1.   3.1 -1.1  0.9 -2.9  0.5 -0.2 -1.4 -1.5 -1.3 -1.5  1.9  0.5  4.2  0.3 -0.6 -0.2  3.5  5.7  4.7 -1.   3. ]
vy_50sample [[8 8 8 8 8 8]
 [3 3 3 3 3 3]
 [7 7 7 4 1 4]
 [3 3 3 3 3 3]
 [5 5 1 5 5 1]
 [7 7 7 7 6 3]
 [7 7 7 7 7 7]
 [3 3 3 3 3 3]
 [2 0 5 5 5 2]
 [8 3 8 8 8 0]]
vt_50sample [[6 4 9 6 6 8]
 [4 2 6 4 8 2]
 [1 6 8 0 1 6]
 [9 3 4 1 8 8]
 [3 3 3 1 3 2]
 [8 7 2 2 9 8]
 [9 7 1 9 6 5]
 [7 4 2 5 9 3]
 [7 1 0 6 7 1]
 [1 9 4 4 0 0]]
Epoch   510: Training cost= 0.2201, Training acc= 0.5711, Validation cost= 5.7597, Validation acc= 0.1205
Epoch   520: Training cost= 0.2126, Training acc= 0.5792, Validation cost= 5.8741, Validation acc= 0.1204
Epoch   530: Training cost= 0.1952, Training acc= 0.5870, Validation cost= 6.0186, Validation acc= 0.1203
Epoch   540: Training cost= 0.1893, Training acc= 0.5945, Validation cost= 6.1314, Validation acc= 0.1202
Epoch   550: Training cost= 0.1604, Training acc= 0.6017, Validation cost= 6.1915, Validation acc= 0.1202
Epoch   560: Training cost= 0.1613, Training acc= 0.6087, Validation cost= 6.3225, Validation acc= 0.1201
Epoch   570: Training cost= 0.1309, Training acc= 0.6155, Validation cost= 6.3980, Validation acc= 0.1200
Epoch   580: Training cost= 0.1320, Training acc= 0.6221, Validation cost= 6.5314, Validation acc= 0.1200
Epoch   590: Training cost= 0.1093, Training acc= 0.6285, Validation cost= 6.6300, Validation acc= 0.1199
Epoch   600: Training cost= 0.1009, Training acc= 0.6347, Validation cost= 6.7444, Validation acc= 0.1199
tm  [ 0.2 -1.1 -0.5 -0.9  1.   3.9  3.4 -1.7  0.4  0.9  3.1 -1.3  0.7  1.5  1.4  4.6  5.3  1.1 -0.1 -0.6  1.8  0.2 -0.9 -1.1  2.7  1.8  1.9  1.9 -0.1  0.6  4.7  2.2  4.9  6.   5.7  2.4  2.1 -0.2  3.6  3.4  4.1  3.7 -0.5  2.2  4.7  0.8  1.4  4.4  1.  -0.2 -0.8  4.1  2.8  1.4 -0.3 -0.8  1.9  3.3  0.1 -0.4  3.3 -1.7  3.5  6.1 -0.6  1.2  6.   0.   0.3 -0.6 -0.   2.9  1.6  0.7  0.2 -1.1 -1.3  1.9 -0.4 -1.7  0.7 -0.9  1.1 -1.2 -1.4  1.3  3.4 -0.7  3.   3.7  3.5 -0.9  2.   2.4 -1.3  0.   1.5 -1.1  1.2  0.1 -0.7 -0.8 -1.2  0.3 -0.8  2.8 -0.3  6.  -0.1  3.7 -0.7  1.6 -0.6  2.2  2.6  1.8 -1.2 -0.2 -1.1 -0.6  1.9 -0.1 -0.2  3.2 -0.2 -0.9 -0.9 -0.4  0.5 -1.6  1.9 -0.2  2.9 -0.2  6.1 -0.6 -1.   2.6  2.1 -1.9  6.6 -0.1  1.1 -1.1  2.2  3.1 -0.5 -0.7  2.4  3.5 -1.3  2.5  2.  -0.2  2.3 -0.3 -0.3  1.1 -0.9 -0.6  0.   0.4 -1.1 -0.5 -0.6 -0.4 -0.3 -0.   2.6  0.2 -1.3  1.8  1.6  3.1  0.3  3.9  3.  -0.9  1.3 -0.6 -0.4  0.5 -1.2 -0.6  2.  -1.3  3.5 -0.7 -0.6  5.2  4.  -0.5 -0.1 -0.9 -0.7  0.9  0.5  1.8  3.8 -0.9 -0.2  4.1  0.5 -1.2 -1.3  1.1 -0.1  0.7  0.2  0.4 -1.   2.4 -0.8 -1.9 -0.7  3.5 -0.9 -0.2 -0.   0.9  4.5  4.3  2.5  0.3 -0.1  2.4  3.2 -1.7  4.   0.5  2.6 -1.7 -1.7 -1.6  2.7  2.7  3.9  4.5  0.7  1.  -1.  -1.5  3.4  5.3 -2.1  5.   3.9  0.3 -2.4 -0.4  4.  -1.6  4.3 -0.  -2.4  5.8]
ty_50sample [[5 0 3 3 7 9]
 [0 8 8 3 8 2]
 [9 1 9 0 6 0]
 [1 1 0 7 8 4]
 [5 1 3 3 8 9]
 [6 6 6 6 2 5]
 [7 5 9 9 6 8]
 [1 0 1 0 1 1]
 [0 4 5 7 2 4]
 [7 5 9 7 1 1]]
tt_50sample [[5 0 3 3 7 9]
 [0 8 8 3 8 2]
 [9 1 9 0 6 0]
 [1 1 0 7 8 4]
 [5 1 3 3 8 9]
 [6 6 6 6 2 5]
 [7 5 9 9 6 8]
 [1 0 1 0 1 1]
 [0 4 5 7 2 4]
 [7 5 9 7 1 1]]
vm  [-1.1 -0.5  0.3  2.1  6.9  5.2 -0.   0.7 -0.6 -0.9 -0.7  0.6 -0.5 -0.5  3.4 10.  -1.8  5.   3.4 -0.6 -1.  -1.  -1.5 -1.1 -0.3 -0.2 -1.5 -0.3  0.2 -0.3  4.7 -1.6  5.2 -1.7 -0.8 -0.  -0.4  1.8 -1.   0.8  0.7 -0.5 -1.4  7.6  2.   8.4  5.4 -1.1 -1.8  3.5 -0.4  2.3  5.5  1.5  5.5 -0.3 -2.1  4.2 -0.  11.1  9.9  2.1  5.7 -1.1 -1.7 -1.2 -1.4  1.2 -2.2 -1.  -0.4  6.9  4.5 -3.  -0.8 -1.4 -1.   1.8  3.7 -1.5  2.3 -0.6 -0.9 -1.7 -2.6 -2.4 -0.5  0.4 -0.4 -0.4 -1.   3.2  0.7  6.2  2.7  0.3  2.  -1.1 -2.1  5.2 -1.4 -2.7  6.3  2.7 -1.7 -0.3 -1.6 -0.9  2.4 -0.1  5.   2.8 -1.4 -0.6  0.2  4.1  9.  -2.5 -0.4  6.  -0.9 -0.5 -1.   0.7 -0.8  1.8  1.2 -2.5  6.3 -1.2 -0.2  0.9 -1.2  2.4  2.7  0.3 -0.7 -0.4 -0.1 -0.7 13.3 -0.4 -0.7 -2.8  0.9  6.4  7.2  1.1 -0.3 -0.9 -3.   4.6  2.8  4.4  6.  -2.   2.6 -0.6 -0.2  1.7 -1.1 -1.2  0.8  0.3  2.4 -1.9  9.3  5.2  4.7  0.4 -0.4 -1.7  1.8  2.6 -0.6  7.8 -0.6 -0.8 -1.1  0.1  0.1 -0.3  1.3  6.5  4.4  0.7  0.8  3.  -0.6 -2.   7.1  4.9  2.9  4.7 -0.9  9.  -1.3 -0.4 -0.2 -1.2  4.1  7.2 -1.7  3.3 -0.9  0.5  3.3 -0.7 -0.5  7.9  6.5  0.8 -1.3 -0.2 -0.5 -0.1 -1.2 -0.2 -0.9 -1.   5.   2.3  6.2  8.7 -0.7  0.3  1.8 -1.  13.4  8.3 -0.2  1.7 -0.4 10.4  1.3  3.5 -1.2  1.1 -3.4  0.7 -0.4 -1.8 -1.7 -1.5 -1.7  2.7  0.6  5.   0.3 -0.5 -0.2  4.8  7.   5.5 -1.   3.3]
vy_50sample [[8 8 8 8 8 8]
 [3 3 3 3 3 3]
 [7 7 7 4 4 4]
 [3 4 3 3 3 3]
 [5 5 1 5 5 1]
 [7 7 7 7 7 3]
 [7 7 7 8 3 3]
 [3 3 3 3 3 3]
 [2 0 5 5 5 2]
 [8 3 8 8 8 1]]
vt_50sample [[6 4 9 6 6 8]
 [4 2 6 4 8 2]
 [1 6 8 0 1 6]
 [9 3 4 1 8 8]
 [3 3 3 1 3 2]
 [8 7 2 2 9 8]
 [9 7 1 9 6 5]
 [7 4 2 5 9 3]
 [7 1 0 6 7 1]
 [1 9 4 4 0 0]]
Epoch   610: Training cost= 0.0925, Training acc= 0.6407, Validation cost= 6.8715, Validation acc= 0.1198
Epoch   620: Training cost= 0.0841, Training acc= 0.6465, Validation cost= 6.9551, Validation acc= 0.1198
Epoch   630: Training cost= 0.0849, Training acc= 0.6521, Validation cost= 7.0612, Validation acc= 0.1198
Epoch   640: Training cost= 0.0798, Training acc= 0.6575, Validation cost= 7.0732, Validation acc= 0.1197
Epoch   650: Training cost= 0.0722, Training acc= 0.6628, Validation cost= 7.1435, Validation acc= 0.1197
Epoch   660: Training cost= 0.0666, Training acc= 0.6679, Validation cost= 7.2359, Validation acc= 0.1197
Epoch   670: Training cost= 0.0617, Training acc= 0.6728, Validation cost= 7.2588, Validation acc= 0.1197
Epoch   680: Training cost= 0.0523, Training acc= 0.6776, Validation cost= 7.3766, Validation acc= 0.1196
Epoch   690: Training cost= 0.0498, Training acc= 0.6823, Validation cost= 7.4926, Validation acc= 0.1196
Epoch   700: Training cost= 0.0450, Training acc= 0.6869, Validation cost= 7.5530, Validation acc= 0.1196
tm  [-0.1 -1.4 -0.5 -0.9  1.2  4.1  4.6 -2.   0.6  1.2  3.4 -1.5  0.8  1.7  2.1  5.4  6.1  1.7 -0.1 -0.7  1.8 -0.1 -1.1 -1.2  2.9  1.9  2.5  2.3 -0.2  1.   5.7  2.1  5.7  6.2  6.1  2.4  2.6 -0.1  4.1  4.1  4.4  3.9 -0.5  2.5  5.7  0.9  1.4  4.5  1.4 -0.2 -1.   4.4  3.5  1.6 -0.3 -1.   1.9  3.9  0.4 -0.5  4.2 -2.   3.7  6.7 -0.7  1.3  6.9 -0.   0.6 -0.8 -0.1  3.6  2.2  1.   0.1 -1.3 -1.6  2.2 -0.6 -2.1  0.9 -1.1  1.7 -1.4 -1.6  1.6  3.8 -0.8  3.   4.4  3.7 -1.1  2.7  2.9 -1.5  0.1  2.1 -1.2  1.3  0.4 -0.6 -0.8 -1.4  0.3 -1.   3.1 -0.3  6.7 -0.1  4.7 -0.8  1.2 -0.6  2.4  2.5  1.9 -1.2 -0.3 -1.2 -0.7  2.2 -0.2 -0.2  4.1 -0.2 -1.1 -1.1 -0.4  0.9 -2.   2.2 -0.3  3.3 -0.2  7.4 -0.4 -1.2  2.9  2.1 -2.1  7.9 -0.1  1.5 -1.4  2.2  4.1 -0.6 -0.8  3.3  4.3 -1.5  2.9  1.6 -0.3  2.5 -0.3 -0.3  0.9 -1.1 -0.4 -0.2  0.9 -1.  -0.7 -0.7 -0.4 -0.3  0.1  3.1  0.2 -1.5  1.7  1.7  3.4  0.2  4.3  3.8 -1.2  2.1 -0.7 -0.5  0.6 -1.3 -0.7  2.2 -1.6  4.3 -0.7 -0.6  5.8  4.4 -0.5 -0.  -1.2 -0.8  1.1  0.6  1.4  4.4 -1.  -0.3  4.8  0.3 -1.3 -1.4  1.2  0.2  0.4 -0.   0.5 -1.   1.8 -1.  -2.1 -0.9  4.1 -0.9 -0.2 -0.   1.1  5.3  5.4  2.9  0.8 -0.   3.   3.7 -1.8  5.2  0.8  3.  -1.8 -1.9 -1.7  3.7  3.2  3.8  5.4  0.6  0.8 -1.3 -1.8  3.6  5.7 -2.5  6.2  4.5  0.6 -2.6 -0.3  4.6 -1.8  5.5  0.2 -2.5  6.4]
ty_50sample [[5 0 3 3 7 9]
 [0 8 8 3 8 2]
 [9 1 9 0 6 0]
 [1 1 0 7 8 4]
 [5 1 3 3 8 9]
 [6 6 6 6 2 5]
 [7 5 9 9 6 8]
 [1 0 1 0 1 1]
 [0 4 5 7 2 4]
 [7 5 9 7 1 1]]
tt_50sample [[5 0 3 3 7 9]
 [0 8 8 3 8 2]
 [9 1 9 0 6 0]
 [1 1 0 7 8 4]
 [5 1 3 3 8 9]
 [6 6 6 6 2 5]
 [7 5 9 9 6 8]
 [1 0 1 0 1 1]
 [0 4 5 7 2 4]
 [7 5 9 7 1 1]]
vm  [-1.3 -0.6  0.7  2.1  7.9  5.7  0.6  0.9 -0.5 -1.2 -0.8  0.3 -0.5 -0.4  3.8 11.4 -2.   6.2  3.8 -0.7 -1.3 -1.  -1.7 -1.4 -0.4 -0.2 -1.6 -0.2  0.1 -0.4  5.7 -1.7  6.2 -2.  -0.7 -0.  -0.6  3.1 -1.   1.1  1.2 -0.7 -1.6  8.7  2.8  9.6  6.8 -1.2 -2.   3.6 -0.3  2.2  6.2  1.6  5.4 -0.3 -2.3  5.2 -0.1 12.  11.6  2.5  6.5 -1.2 -1.8 -1.3 -1.5  2.  -2.6 -1.3 -0.5  8.   5.3 -3.5 -0.8 -1.5 -0.9  1.4  4.4 -1.5  2.6 -0.5 -0.9 -1.8 -2.9 -2.4 -0.4  0.9 -0.3 -0.4 -1.   3.4  0.9  6.8  3.2  0.3  2.6 -1.2 -2.4  5.5 -1.4 -3.   7.2  2.2 -1.9 -0.1 -1.6 -1.   2.3 -0.1  5.4  3.7 -1.6 -0.7  0.5  4.5 10.4 -2.8 -0.5  7.2 -1.  -0.6 -1.1  0.9 -0.8  1.7  1.  -2.8  8.1 -1.3 -0.1  1.9 -1.3  3.2  3.1  1.1 -0.9 -0.6 -0.1 -0.9 15.3 -0.5 -0.9 -3.2  1.1  7.6  8.3  1.  -0.4 -1.1 -3.4  5.9  2.8  5.6  6.4 -2.1  3.1 -0.8 -0.2  2.2 -1.1 -1.2  0.2 -0.1  3.4 -2.2 10.5  6.2  5.5  0.2 -0.5 -2.1  2.4  3.2 -0.5  8.7 -0.5 -0.8 -1.1  0.   0.2 -0.3  1.1  7.3  5.2  0.6  1.4  3.6 -0.6 -2.3  8.2  5.6  3.2  5.1 -1.  10.  -1.3 -0.3 -0.3 -1.3  5.   8.5 -2.   3.4 -1.   1.   3.3 -0.7 -0.5  9.2  7.3  1.3 -1.4 -0.1 -0.4 -0.1 -1.4 -0.3 -1.  -0.9  5.5  2.5  7.8  9.7 -1.  -0.1  2.5 -1.2 15.7  9.8 -0.3  1.6 -0.6 11.5  2.2  3.6 -1.2  1.  -3.9  0.5 -0.5 -2.  -2.  -1.7 -2.   2.9  0.7  5.7  0.5 -0.4 -0.4  6.3  8.3  6.3 -1.2  3.8]
vy_50sample [[8 8 8 8 8 8]
 [3 3 3 3 3 3]
 [7 7 7 4 4 4]
 [3 4 3 3 3 3]
 [5 5 5 5 5 1]
 [7 7 7 7 7 3]
 [7 7 7 8 3 3]
 [3 3 3 3 3 3]
 [2 0 5 5 5 2]
 [8 3 8 2 8 1]]
vt_50sample [[6 4 9 6 6 8]
 [4 2 6 4 8 2]
 [1 6 8 0 1 6]
 [9 3 4 1 8 8]
 [3 3 3 1 3 2]
 [8 7 2 2 9 8]
 [9 7 1 9 6 5]
 [7 4 2 5 9 3]
 [7 1 0 6 7 1]
 [1 9 4 4 0 0]]
Epoch   710: Training cost= 0.0412, Training acc= 0.6913, Validation cost= 7.6285, Validation acc= 0.1196
Epoch   720: Training cost= 0.0384, Training acc= 0.6956, Validation cost= 7.7202, Validation acc= 0.1195
Epoch   730: Training cost= 0.0351, Training acc= 0.6997, Validation cost= 7.8154, Validation acc= 0.1195
Epoch   740: Training cost= 0.0327, Training acc= 0.7038, Validation cost= 7.8774, Validation acc= 0.1195
Epoch   750: Training cost= 0.0311, Training acc= 0.7077, Validation cost= 7.9573, Validation acc= 0.1195
Epoch   760: Training cost= 0.0298, Training acc= 0.7116, Validation cost= 8.0017, Validation acc= 0.1195
Epoch   770: Training cost= 0.0286, Training acc= 0.7153, Validation cost= 8.0719, Validation acc= 0.1194
Epoch   780: Training cost= 0.0272, Training acc= 0.7190, Validation cost= 8.1139, Validation acc= 0.1194
Epoch   790: Training cost= 0.0257, Training acc= 0.7225, Validation cost= 8.1674, Validation acc= 0.1194
Epoch   800: Training cost= 0.0252, Training acc= 0.7260, Validation cost= 8.2171, Validation acc= 0.1194
tm  [ 0.2 -1.4 -0.6 -0.9  1.2  4.4  4.6 -2.2  0.1  1.5  3.2 -1.7  1.4  2.   2.7  5.9  7.4  1.4 -0.2 -0.8  1.9 -0.1 -1.2 -1.4  3.2  1.6  2.7  2.4 -0.1  0.9  6.2  2.4  6.1  6.6  6.6  2.3  3.  -0.2  4.5  3.9  4.8  4.3 -0.7  3.   6.7  0.8  1.3  5.   1.5 -0.1 -1.   5.1  4.   1.5 -0.3 -1.2  2.1  4.9  0.8 -0.6  4.5 -2.2  4.   7.2 -0.6  1.6  8.  -0.   0.8 -0.8 -0.2  4.4  2.4  1.1  0.3 -1.5 -1.8  2.6 -0.6 -2.2  0.9 -1.1  1.7 -1.5 -1.7  2.   4.4 -0.9  3.3  4.9  3.9 -1.1  3.2  3.3 -1.6  0.4  2.4 -1.2  1.1  0.7 -0.4 -0.7 -1.6  0.6 -1.1  3.3 -0.3  7.9  0.3  5.  -1.1  1.3 -0.9  3.3  2.7  2.  -1.3 -0.4 -1.4 -0.8  2.4 -0.2 -0.2  4.2 -0.3 -1.3 -1.2 -0.3  0.9 -2.2  2.6 -0.4  4.  -0.1  8.6 -0.4 -1.3  3.3  2.5 -2.2  9.2 -0.2  1.6 -1.4  2.4  4.3 -0.8 -0.8  3.4  4.8 -1.6  2.7  2.1 -0.4  2.6 -0.3 -0.1  1.2 -1.3 -0.4 -0.1  1.  -1.1 -0.6 -0.7 -0.3 -0.3  0.1  3.3  0.5 -1.6  2.6  1.7  3.6  0.3  5.2  4.2 -1.5  2.1 -0.8 -0.4  1.1 -1.5 -0.8  2.4 -1.7  4.8 -0.8 -0.5  7.3  5.2 -0.6 -0.1 -1.4 -0.9  1.5  0.5  1.1  5.  -1.1 -0.4  4.9  0.3 -1.3 -1.6  1.   0.2  0.8 -0.   0.9 -1.1  0.9 -1.1 -2.3 -1.1  3.9 -0.8 -0.2 -0.   1.6  6.2  5.5  3.3  0.7  0.4  3.   3.8 -1.8  6.   0.9  3.  -1.9 -2.1 -1.7  4.7  3.3  4.7  5.7  0.5  1.2 -1.5 -2.   4.   6.4 -2.7  6.6  4.6  0.7 -2.9 -0.3  5.7 -1.9  6.3 -0.  -2.8  6.1]
ty_50sample [[5 0 3 3 7 9]
 [0 8 8 3 8 2]
 [9 1 9 0 6 0]
 [1 1 0 7 8 4]
 [5 1 3 3 8 9]
 [6 6 6 6 2 5]
 [7 5 9 9 6 8]
 [1 0 1 0 1 1]
 [0 4 5 7 2 4]
 [7 5 9 7 1 1]]
tt_50sample [[5 0 3 3 7 9]
 [0 8 8 3 8 2]
 [9 1 9 0 6 0]
 [1 1 0 7 8 4]
 [5 1 3 3 8 9]
 [6 6 6 6 2 5]
 [7 5 9 9 6 8]
 [1 0 1 0 1 1]
 [0 4 5 7 2 4]
 [7 5 9 7 1 1]]
vm  [-1.2 -0.6  1.7  2.2  7.9  6.2  1.   1.1 -0.8 -1.5 -0.7 -0.  -0.5 -0.3  4.  12.3 -2.2  7.1  3.9 -0.9 -1.3 -1.2 -2.  -1.9 -0.5 -0.3 -1.6 -0.3  0.2 -0.2  5.6 -1.8  6.6 -2.1 -0.8  0.  -0.7  3.3 -0.9  0.3  0.6 -0.6 -1.6  9.8  3.7 10.3  6.8 -1.3 -2.2  4.3 -0.2  2.6  6.2  0.7  5.8 -0.4 -2.4  7.1 -0.1 12.5 12.2  2.2  7.3 -1.1 -1.9 -1.1 -1.5  2.6 -2.7 -1.1 -0.5  9.4  5.3 -3.7 -1.  -1.7 -0.9  1.7  5.3 -1.6  3.  -0.3 -1.1 -1.9 -3.2 -2.4 -0.3  1.1 -0.2 -0.5 -1.   3.8  1.   7.3  3.2  0.8  2.6 -1.4 -2.5  6.2 -1.3 -3.1  7.4  2.  -2.  -0.1 -1.7 -1.   2.3 -0.3  5.5  4.6 -1.6 -0.4  0.5  4.5 10.8 -2.9 -0.7  7.9 -0.9 -0.6 -1.   1.1 -1.1  2.   0.8 -3.2  8.6 -1.3  0.3  1.9 -1.5  3.5  3.3  1.2 -0.9 -0.9 -0.1 -1.2 16.7 -0.5 -1.  -3.5  1.1  8.3  9.3  1.2 -0.6 -1.  -3.3  6.4  2.7  6.3  7.  -2.1  3.2 -0.6 -0.3  2.4 -1.  -1.4  0.1 -0.   4.5 -2.1 11.   6.7  5.9 -0.  -0.2 -2.2  3.2  3.8 -0.5  8.9 -0.3 -1.  -1.2 -0.1  0.4 -0.3  0.9  8.2  5.4  0.5  1.1  4.3 -0.4 -2.2  9.3  5.   3.8  5.3 -1.1 10.3 -1.7 -0.  -0.3 -1.3  5.4  8.5 -2.   3.4 -1.2  1.2  3.6 -0.9 -0.7  9.5  7.1  0.6 -1.4 -0.  -0.4 -0.1 -1.6 -0.2 -1.1 -0.9  6.5  2.5  8.8 10.  -1.  -0.2  3.  -1.2 16.8 10.9 -0.5  1.9 -0.6 12.   2.9  4.2 -1.1  1.4 -4.2  0.3 -0.6 -2.2 -2.2 -1.5 -2.1  2.9  1.   6.2  0.7 -0.2 -0.4  7.1  8.3  6.6 -1.3  3.4]
vy_50sample [[8 8 8 8 8 8]
 [3 3 3 3 3 3]
 [7 7 7 4 4 4]
 [3 4 3 3 3 3]
 [5 5 5 5 5 1]
 [7 7 7 7 7 3]
 [7 7 7 8 3 3]
 [3 3 3 3 3 3]
 [2 0 5 5 5 2]
 [8 3 8 2 8 1]]
vt_50sample [[6 4 9 6 6 8]
 [4 2 6 4 8 2]
 [1 6 8 0 1 6]
 [9 3 4 1 8 8]
 [3 3 3 1 3 2]
 [8 7 2 2 9 8]
 [9 7 1 9 6 5]
 [7 4 2 5 9 3]
 [7 1 0 6 7 1]
 [1 9 4 4 0 0]]
Epoch   810: Training cost= 0.0249, Training acc= 0.7294, Validation cost= 8.2623, Validation acc= 0.1194
Epoch   820: Training cost= 0.0301, Training acc= 0.7327, Validation cost= 8.3297, Validation acc= 0.1194
Epoch   830: Training cost= 0.0397, Training acc= 0.7359, Validation cost= 8.2429, Validation acc= 0.1193
Epoch   840: Training cost= 0.0361, Training acc= 0.7390, Validation cost= 8.2681, Validation acc= 0.1193
Epoch   850: Training cost= 0.0340, Training acc= 0.7421, Validation cost= 8.1805, Validation acc= 0.1193
Epoch   860: Training cost= 0.0271, Training acc= 0.7451, Validation cost= 8.2198, Validation acc= 0.1194
Epoch   870: Training cost= 0.0242, Training acc= 0.7480, Validation cost= 8.2231, Validation acc= 0.1194
Epoch   880: Training cost= 0.0211, Training acc= 0.7509, Validation cost= 8.3007, Validation acc= 0.1194
Epoch   890: Training cost= 0.0189, Training acc= 0.7537, Validation cost= 8.3685, Validation acc= 0.1194
Epoch   900: Training cost= 0.0168, Training acc= 0.7564, Validation cost= 8.4457, Validation acc= 0.1194
tm  [ 0.6 -1.7 -0.5 -0.9  1.7  4.7  5.1 -2.3  0.4  2.   3.4 -1.7  1.2  2.   2.5  6.   7.6  1.9 -0.2 -0.9  1.8  0.  -1.2 -1.4  3.   2.   2.6  2.7 -0.2  1.2  6.6  2.4  6.2  6.6  6.5  2.3  3.  -0.2  4.9  3.6  5.1  3.8 -0.7  3.   6.7  0.6  1.4  5.2  1.4 -0.1 -1.1  5.4  4.   1.7 -0.5 -1.2  2.   5.   0.7 -0.7  4.4 -2.2  3.4  7.4 -0.7  1.8  8.3 -0.1  0.8 -1.  -0.3  4.9  2.3  0.4  0.2 -1.6 -1.9  2.7 -0.7 -2.3  0.5 -1.1  2.  -1.6 -1.8  2.   4.2 -0.8  3.6  4.9  3.5 -1.2  3.2  3.5 -1.8  0.1  3.  -1.2  1.   1.1 -0.5 -0.6 -1.6  0.8 -1.1  3.  -0.5  8.   0.5  5.3 -1.3  1.2 -0.9  3.3  2.6  1.7 -1.2 -0.5 -1.4 -0.9  2.9 -0.3 -0.4  4.3 -0.5 -1.3 -1.2 -0.4  0.8 -2.3  2.8 -0.4  3.5 -0.   9.  -0.5 -1.6  3.5  2.3 -2.3  9.2 -0.2  1.6 -1.5  2.3  4.6 -0.8 -0.8  3.2  5.2 -1.6  3.2  1.6 -0.4  2.6 -0.3 -0.1  1.7 -1.5 -0.3 -0.1  0.9 -1.  -0.6 -0.8 -0.4 -0.5  0.3  3.3  0.2 -1.6  2.5  1.4  3.9  0.4  5.2  4.5 -1.6  2.7 -0.7 -0.6  1.  -1.6 -0.8  2.5 -1.9  4.6 -0.8 -0.4  7.7  5.3 -0.6 -0.1 -1.4 -0.9  1.5  0.4  0.5  5.5 -1.  -0.4  5.   0.4 -1.1 -1.5  1.4  0.3 -0.  -0.2  1.1 -1.2  1.1 -1.1 -2.5 -1.2  3.5 -0.7 -0.2 -0.1  1.7  6.3  5.5  4.1  0.7  0.3  3.3  3.7 -1.9  6.6  0.9  2.9 -1.9 -2.2 -1.8  4.9  3.5  4.4  5.   0.4  1.4 -1.8 -2.1  4.1  6.  -2.7  6.9  4.4  0.7 -3.  -0.4  6.  -2.   6.8 -0.1 -2.8  6.1]
ty_50sample [[5 0 3 3 7 9]
 [0 8 8 3 8 2]
 [9 1 9 0 6 0]
 [1 1 0 7 8 4]
 [5 1 3 3 8 9]
 [6 6 6 6 2 5]
 [7 5 9 9 6 8]
 [1 0 1 0 1 1]
 [0 4 5 7 2 4]
 [7 5 9 7 1 1]]
tt_50sample [[5 0 3 3 7 9]
 [0 8 8 3 8 2]
 [9 1 9 0 6 0]
 [1 1 0 7 8 4]
 [5 1 3 3 8 9]
 [6 6 6 6 2 5]
 [7 5 9 9 6 8]
 [1 0 1 0 1 1]
 [0 4 5 7 2 4]
 [7 5 9 7 1 1]]
vm  [-1.4 -0.6  1.4  2.4  8.3  6.7  1.2  1.  -0.6 -1.6 -0.7  0.1 -0.4 -0.4  4.1 12.8 -2.3  7.3  4.3 -0.8 -1.4 -1.3 -2.3 -1.9 -0.6 -0.3 -1.6 -0.3 -0.  -0.2  6.2 -1.8  6.9 -2.2 -0.7 -0.  -0.7  3.7 -0.9  0.7  1.1 -0.7 -1.7 10.3  3.7 10.8  7.8 -1.4 -2.4  4.  -0.2  2.3  6.9  1.3  5.6 -0.6 -2.6  6.9 -0.1 12.8 13.2  2.8  7.1 -1.2 -2.  -1.2 -1.4  2.2 -3.  -1.3 -0.8  9.4  5.6 -3.9 -1.  -1.9 -1.2  1.5  5.9 -1.8  3.1 -0.3 -1.  -1.9 -3.4 -2.5 -0.2  1.2 -0.3 -0.4 -1.1  4.   1.5  7.4  3.3  0.6  2.8 -1.3 -2.6  6.5 -1.4 -3.2  7.8  1.9 -2.1  0.  -1.7 -1.2  2.1 -0.1  5.5  4.7 -1.7 -0.5  0.2  4.9 11.4 -3.1 -0.7  8.6 -0.9 -0.7 -1.   1.  -1.   2.1  0.4 -3.3  9.4 -1.5  1.   2.1 -1.6  4.2  3.4  1.6 -1.1 -1.  -0.2 -1.2 18.  -0.6 -1.1 -3.7  1.4  8.7  9.8  1.5 -0.7 -1.2 -3.8  6.5  2.7  6.4  7.7 -2.1  3.2 -0.8 -0.4  2.5 -1.1 -1.6 -0.  -0.1  4.3 -2.3 10.9  7.4  6.3 -0.1 -0.4 -2.4  2.9  3.9 -0.5  9.3 -0.2 -1.  -1.3 -0.1  0.2 -0.5  0.6  8.   5.6  0.4  1.6  4.  -0.4 -2.4  9.6  5.9  3.7  5.3 -1.2 11.1 -1.6 -0.1 -0.4 -1.4  4.5  8.9 -2.2  3.4 -1.3  1.1  4.  -1.1 -0.7 10.1  7.9  0.9 -1.7 -0.1 -0.6 -0.1 -1.6 -0.5 -1.2 -0.8  6.4  2.6  9.4 10.3 -1.2 -0.2  3.2 -1.4 17.8 10.8 -0.5  1.6 -0.8 12.2  2.9  4.6 -1.3  1.2 -4.4  0.4 -0.7 -2.4 -2.2 -1.7 -2.5  3.6  0.7  6.5  0.4 -0.1 -0.4  7.5  9.6  7.6 -1.3  4. ]
vy_50sample [[8 8 8 8 8 8]
 [3 3 3 3 3 3]
 [7 7 7 4 1 2]
 [3 4 3 3 3 3]
 [5 5 5 5 5 1]
 [7 3 3 7 7 3]
 [3 7 7 8 3 3]
 [7 3 3 3 3 3]
 [2 0 5 4 5 2]
 [8 3 8 2 8 1]]
vt_50sample [[6 4 9 6 6 8]
 [4 2 6 4 8 2]
 [1 6 8 0 1 6]
 [9 3 4 1 8 8]
 [3 3 3 1 3 2]
 [8 7 2 2 9 8]
 [9 7 1 9 6 5]
 [7 4 2 5 9 3]
 [7 1 0 6 7 1]
 [1 9 4 4 0 0]]
Epoch   910: Training cost= 0.0150, Training acc= 0.7591, Validation cost= 8.4916, Validation acc= 0.1194
Epoch   920: Training cost= 0.0141, Training acc= 0.7617, Validation cost= 8.5460, Validation acc= 0.1194
Epoch   930: Training cost= 0.0129, Training acc= 0.7643, Validation cost= 8.5904, Validation acc= 0.1194
Epoch   940: Training cost= 0.0124, Training acc= 0.7668, Validation cost= 8.6508, Validation acc= 0.1194
Epoch   950: Training cost= 0.0118, Training acc= 0.7693, Validation cost= 8.6902, Validation acc= 0.1194
Epoch   960: Training cost= 0.0115, Training acc= 0.7717, Validation cost= 8.7117, Validation acc= 0.1194
Epoch   970: Training cost= 0.0108, Training acc= 0.7740, Validation cost= 8.7709, Validation acc= 0.1194
Epoch   980: Training cost= 0.0110, Training acc= 0.7763, Validation cost= 8.8114, Validation acc= 0.1194
Epoch   990: Training cost= 0.0102, Training acc= 0.7786, Validation cost= 8.8336, Validation acc= 0.1194
Epoch  1000: Training cost= 0.0108, Training acc= 0.7808, Validation cost= 8.8545, Validation acc= 0.1195
tm  [ 0.6 -1.9 -0.7 -1.1  2.3  4.9  5.5 -2.5  0.3  2.2  3.3 -1.9  1.1  2.4  2.7  6.3  8.6  2.2 -0.2 -0.9  1.7 -0.  -1.4 -1.5  3.4  1.9  2.7  3.  -0.3  1.5  7.6  2.4  6.4  7.3  6.8  2.5  2.8 -0.1  5.5  4.4  5.1  3.9 -0.6  2.8  7.5  0.8  1.6  5.7  1.4 -0.1 -1.1  5.7  4.4  1.7 -0.5 -1.3  1.9  5.6  1.1 -0.8  4.8 -2.4  3.9  7.7 -0.8  2.5  8.8 -0.1  0.5 -1.2 -0.2  5.3  2.4  0.4  0.2 -1.7 -2.   2.9 -0.8 -2.5  1.1 -1.3  2.3 -1.7 -2.   2.2  4.3 -0.9  3.7  4.8  3.6 -1.3  3.3  3.9 -1.9  0.3  3.1 -1.3  0.9  1.2 -0.5 -0.7 -1.6  0.8 -1.2  3.4 -0.4  8.7 -0.   6.1 -1.3  1.5 -1.   3.4  2.4  2.1 -1.1 -0.6 -1.3 -0.9  2.9 -0.2 -0.3  4.6 -0.4 -1.4 -1.3 -0.4  1.4 -2.5  3.2 -0.3  3.9  0.1  9.3 -0.4 -1.6  3.6  2.  -2.4 10.3 -0.2  1.7 -1.5  2.3  5.2 -0.7 -0.9  3.8  5.3 -1.8  3.1  2.2 -0.4  3.1 -0.2 -0.1  1.2 -1.6 -0.4 -0.2  1.1 -1.1 -0.6 -0.8 -0.4 -0.5  0.1  3.6  0.4 -1.8  2.5  1.2  4.2  0.5  5.2  4.9 -1.8  2.6 -0.7 -0.6  0.8 -1.8 -0.8  2.8 -1.9  5.4 -0.9 -0.5  7.7  5.8 -0.6 -0.2 -1.5 -0.9  1.7  0.8  0.7  5.8 -1.3 -0.4  5.6  0.7 -1.2 -1.7  1.4  0.7 -0.  -0.2  1.  -1.1  0.9 -1.2 -2.7 -1.2  3.8 -0.7 -0.1  0.4  2.   6.4  6.2  4.4  0.7  0.4  3.2  4.  -2.1  7.6  0.9  3.2 -2.  -2.2 -1.8  5.6  3.7  4.5  6.   0.3  1.4 -1.8 -2.2  4.   6.7 -3.   7.4  4.7  0.6 -3.2 -0.1  6.4 -2.1  7.4  0.3 -3.   6.8]
ty_50sample [[5 0 3 3 7 9]
 [0 8 8 3 8 2]
 [9 1 9 0 6 0]
 [1 1 0 7 8 4]
 [5 1 3 3 8 9]
 [6 6 6 6 2 5]
 [7 5 9 9 6 8]
 [1 0 1 0 1 1]
 [0 4 5 7 2 4]
 [7 5 9 7 1 1]]
tt_50sample [[5 0 3 3 7 9]
 [0 8 8 3 8 2]
 [9 1 9 0 6 0]
 [1 1 0 7 8 4]
 [5 1 3 3 8 9]
 [6 6 6 6 2 5]
 [7 5 9 9 6 8]
 [1 0 1 0 1 1]
 [0 4 5 7 2 4]
 [7 5 9 7 1 1]]
vm  [-1.3 -0.7  1.7  2.4  9.   7.2  1.8  1.4 -0.7 -1.6 -0.8 -0.1 -0.4 -0.3  4.3 13.8 -2.7  8.5  4.3 -1.  -1.5 -1.2 -2.3 -2.2 -0.7 -0.4 -1.7 -0.2 -0.1 -0.2  6.5 -2.1  7.4 -2.3 -0.6  0.1 -0.7  4.8 -0.9  0.9  0.6 -0.9 -1.7 10.6  4.5 11.8  8.5 -1.2 -2.5  4.3 -0.2  2.5  7.4  1.2  5.5 -0.7 -2.9  7.7  0.2 13.7 13.9  2.6  7.5 -1.3 -2.2 -1.3 -1.5  3.1 -3.3 -1.5 -0.8 10.4  6.1 -4.4 -1.1 -2.  -1.3  1.4  6.3 -1.8  4.3 -0.2 -1.  -2.  -3.7 -2.5 -0.2  0.6 -0.2 -0.6 -1.2  4.2  1.2  8.   3.9  0.7  3.  -1.2 -2.8  7.4 -1.3 -3.5  8.5  2.  -2.1 -0.  -1.9 -1.1  2.1 -0.1  6.1  5.3 -1.8 -0.4  0.2  4.9 12.7 -3.3 -0.7  9.3 -0.9 -0.7 -1.1  1.2 -1.1  2.7  0.3 -3.5 10.5 -1.5  1.2  2.9 -1.7  4.7  3.1  1.9 -1.2 -1.1 -0.1 -1.4 19.1 -0.6 -1.2 -4.1  0.8 10.2 10.6  1.1 -0.7 -1.2 -4.   7.   3.1  7.2  8.5 -2.1  3.6 -0.9 -0.6  3.1 -1.  -1.8 -0.1 -0.3  5.6 -2.4 11.3  8.7  6.5 -0.  -0.4 -2.8  3.5  4.7 -0.4  9.6 -0.2 -1.2 -1.4  0.2  0.3 -0.6  0.5  8.9  5.6  0.4  1.5  4.2 -0.5 -2.6 10.5  6.5  4.4  5.8 -1.3 11.4 -1.6  0.2 -0.5 -1.7  4.7  9.4 -2.4  3.6 -1.4  1.   4.  -1.1 -0.7 10.3  8.   1.4 -1.8 -0.1 -0.4 -0.1 -1.8 -0.5 -1.3 -0.8  7.2  2.9 10.4 11.2 -1.3 -0.4  3.9 -1.4 20.  11.6 -0.6  1.7 -0.8 12.8  4.1  4.6 -1.4  1.5 -4.8 -0.  -0.7 -2.6 -2.4 -1.6 -2.7  4.   0.9  7.6  1.2  0.2 -0.4  8.5 10.   7.7 -1.3  4.3]
vy_50sample [[8 8 8 8 8 8]
 [3 3 3 3 3 3]
 [7 7 7 4 1 2]
 [3 4 9 3 3 3]
 [5 5 5 5 5 1]
 [7 3 7 7 7 3]
 [3 7 7 8 3 3]
 [8 3 3 3 3 3]
 [2 0 5 4 5 2]
 [8 3 8 2 8 1]]
vt_50sample [[6 4 9 6 6 8]
 [4 2 6 4 8 2]
 [1 6 8 0 1 6]
 [9 3 4 1 8 8]
 [3 3 3 1 3 2]
 [8 7 2 2 9 8]
 [9 7 1 9 6 5]
 [7 4 2 5 9 3]
 [7 1 0 6 7 1]
 [1 9 4 4 0 0]]
Epoch  1010: Training cost= 0.0103, Training acc= 0.7830, Validation cost= 8.8794, Validation acc= 0.1195
Epoch  1020: Training cost= 0.0103, Training acc= 0.7851, Validation cost= 8.9433, Validation acc= 0.1195
Epoch  1030: Training cost= 0.0119, Training acc= 0.7872, Validation cost= 8.9634, Validation acc= 0.1195
Epoch  1040: Training cost= 0.0099, Training acc= 0.7892, Validation cost= 8.9632, Validation acc= 0.1195
Epoch  1050: Training cost= 0.0151, Training acc= 0.7912, Validation cost= 8.9423, Validation acc= 0.1195
Epoch  1060: Training cost= 0.0112, Training acc= 0.7932, Validation cost= 9.0334, Validation acc= 0.1195
Epoch  1070: Training cost= 0.0170, Training acc= 0.7951, Validation cost= 8.9971, Validation acc= 0.1195
Epoch  1080: Training cost= 0.0140, Training acc= 0.7970, Validation cost= 8.9653, Validation acc= 0.1195
Epoch  1090: Training cost= 0.0172, Training acc= 0.7989, Validation cost= 8.9435, Validation acc= 0.1195
Epoch  1100: Training cost= 0.0161, Training acc= 0.8007, Validation cost= 8.9433, Validation acc= 0.1195
tm  [ 0.4 -1.9 -0.8 -1.2  2.9  4.5  5.3 -2.5  0.2  2.2  3.  -1.9  1.2  3.   2.9  6.8  8.4  2.2 -0.3 -1.   1.7  0.2 -1.2 -1.6  3.4  2.1  2.6  3.2 -0.3  1.2  8.4  2.2  6.2  7.6  6.9  2.6  2.2  0.4  5.7  4.6  5.1  3.1 -0.6  2.7  7.5  0.7  1.6  5.8  1.  -0.2 -1.1  6.1  4.8  1.5 -0.6 -1.1  1.6  5.3  1.4 -0.7  4.8 -2.3  4.1  8.  -0.8  2.1  8.6  0.3  0.1 -1.3 -0.2  5.1  2.8  0.1  0.3 -1.6 -1.9  2.6 -1.  -2.4  2.2 -1.3  2.1 -1.9 -2.   2.2  4.2 -1.1  3.5  4.1  3.7 -1.3  3.   4.3 -1.8  0.   3.  -1.4  0.5  1.2 -0.6 -0.8 -1.5  1.2 -1.2  3.1 -0.3  8.7 -0.1  5.6 -1.2  1.9 -1.1  2.8  1.5  2.2 -0.9 -0.7 -1.2 -0.9  2.7 -0.2 -0.5  4.5 -0.4 -1.5 -1.3 -0.4  1.5 -2.5  3.4 -0.2  4.2  0.4  8.9 -0.6 -1.8  3.8  1.5 -2.3 10.  -0.2  1.  -1.6  2.4  5.  -0.8 -0.9  3.2  5.1 -1.9  3.4  3.2 -0.4  3.1 -0.3 -0.3  0.8 -1.5 -0.4 -0.3  1.  -1.2 -0.6 -0.8 -0.5 -0.4  0.1  3.8  0.4 -1.8  2.   0.9  3.8  1.   4.9  4.7 -1.8  2.6 -0.5 -0.6  0.5 -1.9 -0.7  3.  -1.7  5.1 -0.9 -0.7  6.8  6.  -0.6 -0.3 -1.4 -0.9  1.7  0.7 -0.1  6.  -1.4 -0.2  6.3  0.6 -1.2 -1.7  1.6  1.  -0.1 -0.3  1.7 -1.   1.  -1.2 -3.1 -1.2  3.  -0.7 -0.1  0.6  2.3  6.2  6.5  4.3  0.3  0.   2.8  3.7 -2.2  8.2  0.5  3.9 -2.2 -2.4 -1.8  4.6  3.5  4.3  5.6 -0.   1.5 -1.8 -2.1  3.6  5.8 -3.   7.2  4.5  0.9 -3.2 -0.   6.  -2.   7.4  1.2 -3.   7.4]
ty_50sample [[5 0 3 3 7 9]
 [0 8 8 3 8 2]
 [9 1 9 0 6 0]
 [1 1 0 7 8 4]
 [5 1 3 3 8 9]
 [6 6 6 6 2 5]
 [7 5 9 9 6 8]
 [1 0 1 0 1 1]
 [0 4 5 7 2 4]
 [7 5 9 7 1 1]]
tt_50sample [[5 0 3 3 7 9]
 [0 8 8 3 8 2]
 [9 1 9 0 6 0]
 [1 1 0 7 8 4]
 [5 1 3 3 8 9]
 [6 6 6 6 2 5]
 [7 5 9 9 6 8]
 [1 0 1 0 1 1]
 [0 4 5 7 2 4]
 [7 5 9 7 1 1]]
vm  [-1.5 -0.8  1.4  2.   9.3  7.2  1.7  1.6 -0.7 -1.7 -0.9 -0.1 -0.2 -0.3  4.  13.9 -2.9  7.9  4.6 -1.1 -1.6 -1.3 -2.1 -2.  -0.7 -0.3 -1.8 -0.3 -0.1 -0.2  6.8 -2.1  7.2 -2.3 -0.5 -0.  -0.7  4.5 -0.7  1.4  1.  -1.  -1.7 10.   4.5 11.4  8.8 -1.3 -2.5  4.2 -0.2  2.6  7.3  1.3  5.3 -0.6 -3.   6.7  0.2 13.7 13.9  2.4  6.8 -1.2 -2.1 -1.4 -1.4  3.1 -3.3 -1.4 -0.9 10.2  6.  -4.4 -1.1 -2.  -1.5  1.4  5.8 -1.7  4.9 -0.3 -1.1 -2.3 -3.8 -2.5 -0.3  0.2 -0.3 -0.6 -1.2  4.4  1.7  8.   4.7 -0.1  2.7 -1.4 -2.8  7.7 -1.2 -3.7  8.8  2.7 -2.2 -0.2 -1.8 -1.3  2.2 -0.2  6.9  5.1 -2.  -0.5 -0.1  4.7 13.4 -3.5 -0.7  9.  -0.9 -0.7 -1.   0.8 -1.   3.   0.6 -3.5 10.2 -1.5  0.4  3.  -1.7  5.   2.8  1.7 -1.3 -1.  -0.1 -1.3 18.7 -0.6 -1.4 -4.2  1.3 10.4  9.9  1.1 -0.9 -1.2 -4.3  6.6  3.8  6.9  8.4 -2.3  3.9 -1.2 -0.5  3.2 -1.1 -2.   0.2 -0.2  4.5 -2.6 11.2  9.2  6.9 -0.1 -0.4 -3.   3.4  4.3 -0.3  9.1 -0.5 -1.  -1.3  0.6  0.6 -0.9  0.6  8.8  5.7  0.8  1.8  3.9 -0.6 -2.7 10.5  6.7  4.5  5.7 -1.3 11.3 -1.5 -0.5 -0.5 -1.6  3.7  9.6 -2.3  3.8 -1.5  1.2  4.2 -1.2 -0.6  9.8  8.2  1.1 -1.7 -0.4 -0.7 -0.1 -1.5 -0.8 -1.2 -0.9  7.   3.3  9.9 10.9 -1.4 -0.3  3.5 -1.4 20.7 10.6 -0.6  1.6 -1.  13.   4.   4.8 -1.6  1.  -4.6  0.1 -0.6 -2.7 -2.5 -1.9 -2.8  4.1  0.4  7.3  1.2 -0.  -0.4  8.6 10.6  8.7 -1.2  4.6]
vy_50sample [[8 8 8 8 8 8]
 [3 3 3 3 3 3]
 [7 7 7 4 1 0]
 [3 4 9 3 3 3]
 [5 5 5 5 5 5]
 [7 7 7 7 7 3]
 [3 7 7 8 3 3]
 [8 3 3 3 3 3]
 [2 0 2 2 5 2]
 [8 3 8 2 8 1]]
vt_50sample [[6 4 9 6 6 8]
 [4 2 6 4 8 2]
 [1 6 8 0 1 6]
 [9 3 4 1 8 8]
 [3 3 3 1 3 2]
 [8 7 2 2 9 8]
 [9 7 1 9 6 5]
 [7 4 2 5 9 3]
 [7 1 0 6 7 1]
 [1 9 4 4 0 0]]
