Epoch    10: Training cost= 2.4539, Training acc= 0.1021, Validation cost= 2.3984, Validation acc= 0.1031
Epoch    20: Training cost= 2.2927, Training acc= 0.1102, Validation cost= 2.3225, Validation acc= 0.1046
Epoch    30: Training cost= 2.2784, Training acc= 0.1173, Validation cost= 2.3250, Validation acc= 0.1068
Epoch    40: Training cost= 2.2490, Training acc= 0.1262, Validation cost= 2.3095, Validation acc= 0.1091
Epoch    50: Training cost= 2.2116, Training acc= 0.1357, Validation cost= 2.2945, Validation acc= 0.1122
Epoch    60: Training cost= 2.1912, Training acc= 0.1440, Validation cost= 2.2929, Validation acc= 0.1153
Epoch    70: Training cost= 2.1952, Training acc= 0.1506, Validation cost= 2.3227, Validation acc= 0.1166
Epoch    80: Training cost= 2.2106, Training acc= 0.1545, Validation cost= 2.3238, Validation acc= 0.1160
Epoch    90: Training cost= 2.1840, Training acc= 0.1602, Validation cost= 2.3038, Validation acc= 0.1170
Epoch   100: Training cost= 2.1603, Training acc= 0.1656, Validation cost= 2.3182, Validation acc= 0.1173
tm  [ 0.3 -0.3  0.3 -0.2  0.2 -0.  -0.3 -0.2 -0.6 -0.2 -0.3 -0.1  1.3 -0.5  0.9 -0.  -0.3  0.9  1.7 -0.1  1.2  0.1 -0.4 -0.2 -0.   1.2 -0.3 -0.4 -0.3 -0.2  1.3 -0.2  0.8 -0.1  1.8  2.  -0.2 -0.4 -0.5  0.3  0.5 -0.7  0.3  1.6 -0.4  1.  -0.1  0.1 -0.5 -0.1 -0.3  1.7 -0.   1.6  0.7 -0.5  0.1 -0.4 -0.5 -0.  -0.1 -0.1 -0.2  0.5 -0.6  0.6  0.5  0.2 -0.6 -0.2  0.   0.6 -0.6 -0.5  0.6  0.5  0.3  0.1  1.   0.4  0.  -0.  -0.2 -0.6 -0.3 -0.7  0.4  0.2  0.8  0.1  0.5  0.2 -0.4  1.2 -0.2  0.7 -0.1 -0.2  1.1  2.5  0.3 -0.4 -0.2 -0.2  0.  -0.4 -1.1  0.7  0.3 -0.5  0.2 -0.1 -0.5 -0.3  0.6  0.1 -0.1  0.5 -0.5 -0.3 -0.1 -0.1 -0.1  1.2 -0.2  0.9 -0.1 -0.1 -0.3 -0.  -0.3 -0.6  0.3 -0.4  1.3  0.5 -0.6 -0.6 -0.1 -0.6  0.5 -0.1 -0.6  0.2 -0.4  0.7 -0.1 -0.4 -0.2  1.  -0.6 -0.1  0.5 -0.3 -0.1 -0.6 -0.7 -0.7  1.2 -0.4 -0.4  0.5  0.7  1.1 -0.6 -0.6  0.  -0.  -0.3  0.4 -0.3 -0.1  0.  -0.2 -0.3  0.1 -0.  -0.2 -0.3  1.3 -0.1 -0.1 -0.3 -0.1 -0.   0.4  0.1 -0.6 -0.1 -0.1 -0.1  0.7 -0.5  0.1 -0.4 -0.   0.9 -0.2  0.  -0.4  0.8  0.4  0.3  0.6 -0.3 -0.4 -1.1 -0.3  0.1 -0.5  2.1 -0.2  0.6 -0.2  0.2 -0.2  0.2 -0.1  0.3  0.6 -0.1  0.4  0.1 -0.3  1.2 -0.   0.4 -0.2  0.9 -0.3 -0.1 -0.4 -0.1 -0.1  0.3 -0.2  0.4 -0.3 -0.2 -0.2 -0.2 -0.6 -0.   2.1 -0.   1.7 -0.   0.2  0.2 -0.2 -0.2 -0.3 -0.5 -0.4 -0.4 -0.8]
ty_50sample [[5 5 5 5 3 6 5 5]
 [8 8 4 4 4 4 8 4]
 [7 6 9 9 9 9 9 9]
 [8 9 3 3 5 3 3 6]
 [6 3 5 5 5 5 3 5]
 [6 6 9 7 9 9 9 9]
 [0 5 4 4 4 4 4 1]
 [2 2 2 5 2 2 5 2]
 [3 5 0 0 3 3 2 5]
 [9 9 6 6 9 9 9 6]]
tt_50sample [[5 0 3 3 7 9 3 5]
 [8 8 3 2 3 6 3 6]
 [7 8 4 4 1 7 6 9]
 [5 9 4 6 5 1 3 3]
 [0 7 6 3 5 4 3 4]
 [3 6 9 3 7 1 3 7]
 [0 4 8 0 4 5 7 2]
 [3 6 1 0 2 2 5 5]
 [1 6 7 1 5 2 0 2]
 [3 5 7 6 6 9 3 3]]
vm  [-0.1 -0.3 -0.5  1.   0.5  0.8  0.1 -0.2 -0.  -0.1  0.6 -0.2 -0.1 -0.3  1.   0.3 -0.9  0.9  0.3 -0.   0.3 -0.4  1.1 -0.7 -0.6 -0.1 -0.1  0.  -0.4 -0.3  1.  -0.4  0.1 -0.4  0.9  1.5  0.   1.8 -0.5 -0.1 -0.5  0.  -0.3  1.   1.1  1.5  0.8  0.1 -0.1  1.9 -0.1  1.   1.6 -0.1 -0.3 -0.5 -0.  -0.2 -0.1 -0.2  1.5 -0.1 -0.1  0.1 -1.1 -0.  -0.7  1.5 -0.4 -0.2  0.8  2.5 -0.  -0.5  0.8 -0.3 -0.  -0.1 -0.1 -0.2  3.3 -0.5  0.8 -0.3 -0.1 -0.1  0.9 -0.3 -0.1 -0.2  0.6 -0.2  0.1  0.9 -0.2  0.5  1.   0.2 -0.   1.2  1.5 -0.6  0.2 -0.4 -0.1 -0.4 -1.2 -0.  -0.1 -0.1  1.   0.2 -0.9 -0.1  1.3 -0.1  1.  -0.1 -0.2  0.8  0.   0.2 -0.1  1.8  1.4  2.  -0.8 -0.4  0.5 -0.1 -0.  -0.5 -0.3 -0.2  1.6 -0.4 -0.5 -0.1 -0.1 -0.7  2.1  1.4 -0.1 -0.2 -0.5 -0.3  1.3 -0.  -0.  -0.1 -0.8 -0.1  0.3  0.5  1.2 -0.6 -0.6 -0.1  0.7 -0.4 -0.3 -0.1  0.2 -0.1 -0.  -0.6 -0.2  1.4 -0.5  1.2 -0.2  0.1 -0.3 -0.5 -0.5 -0.2 -0.  -0.4 -0.2  1.2 -0.1 -0.1  2.   1.6 -0.3  0.   0.5  0.1  1.2  0.2 -0.2 -0.1 -0.3 -0.4 -0.1  0.1 -0.6 -0.6 -0.6  0.4  0.1 -0.2  0.8 -0.  -0.1 -0.5 -0.2 -0.4 -0.1  0.9  3.2 -0.4 -0.1  2.1  0.7 -0.3 -0.3  0.9  0.3 -0.  -0.2  1.4 -0.4 -0.2 -0.2  1.  -0.1 -0.1  1.2 -0.2 -0.  -0.1 -0.3 -0.1  0.5 -0.3 -0.2 -0.7 -0.4 -0.4 -0.1 -0.1 -0.6 -0.4 -0.4  1.3 -0.5  1.5 -0.1 -0.2  0.7 -0.2 -0.5 -0.1  0.3 -0.7]
vy_50sample [[8 4 9 9 9 9 9 9]
 [9 9 5 9 9 9 8 9]
 [4 8 4 4 8 4 8 9]
 [0 6 9 0 5 8 9 7]
 [9 4 4 9 9 8 6 4]
 [9 9 9 9 9 9 9 9]
 [9 0 6 0 0 4 0 0]
 [8 2 3 9 8 9 9 8]
 [5 5 8 4 8 8 8 5]
 [4 5 5 4 2 4 5 4]]
vt_50sample [[9 1 6 3 4 4 5 2]
 [7 7 0 3 2 9 2 6]
 [4 4 2 9 6 9 4 4]
 [5 8 2 8 6 1 4 1]
 [9 5 5 7 1 3 3 6]
 [6 5 6 6 6 7 4 7]
 [3 0 0 3 3 8 6 1]
 [2 9 6 8 3 9 5 4]
 [9 1 1 5 3 5 7 5]
 [5 2 1 3 5 3 5 4]]
Epoch   110: Training cost= 2.1081, Training acc= 0.1719, Validation cost= 2.3283, Validation acc= 0.1179
Epoch   120: Training cost= 2.0829, Training acc= 0.1780, Validation cost= 2.3348, Validation acc= 0.1181
Epoch   130: Training cost= 2.0654, Training acc= 0.1844, Validation cost= 2.3743, Validation acc= 0.1183
Epoch   140: Training cost= 2.0087, Training acc= 0.1907, Validation cost= 2.3642, Validation acc= 0.1183
Epoch   150: Training cost= 1.9997, Training acc= 0.1973, Validation cost= 2.3823, Validation acc= 0.1184
Epoch   160: Training cost= 1.9263, Training acc= 0.2041, Validation cost= 2.4039, Validation acc= 0.1186
Epoch   170: Training cost= 1.8894, Training acc= 0.2109, Validation cost= 2.4430, Validation acc= 0.1186
Epoch   180: Training cost= 1.8179, Training acc= 0.2180, Validation cost= 2.4692, Validation acc= 0.1186
Epoch   190: Training cost= 1.7786, Training acc= 0.2250, Validation cost= 2.5226, Validation acc= 0.1187
Epoch   200: Training cost= 1.7420, Training acc= 0.2320, Validation cost= 2.5533, Validation acc= 0.1187
tm  [ 1.5 -0.2  1.2 -0.5  1.  -0.3 -0.5 -0.1 -0.5 -0.1 -0.3 -0.   1.9 -0.5  1.   0.3 -0.2  1.   2.4  0.6  2.   0.5 -0.6 -0.2  0.5  1.9 -0.2 -0.3 -0.5  0.4  1.1  0.4  1.3 -0.   2.8  2.4 -0.3 -0.4 -0.4  1.   1.  -0.5  1.   2.  -0.1  2.7  0.1  0.7 -0.5 -0.   0.3  3.1 -0.1  1.6  1.2 -0.5  0.9 -0.4 -0.4 -0.2 -0.3 -0.1 -0.2 -0.  -0.5  1.4  2.  -0.1 -0.6 -0.1 -0.2  0.6 -0.7 -0.2  1.3  2.3  1.   1.1  1.7  1.  -0.1  0.1 -0.2 -0.5 -0.5 -0.9 -0.   1.5  1.5 -0.1  0.9 -0.  -0.6  1.5  0.7  2.2 -0.4 -0.2  1.1  2.9  0.9 -0.5 -0.1 -0.3  0.9 -0.2 -1.   0.9  2.1 -0.6 -0.1  0.7 -0.3 -0.   1.6  1.   0.2  1.8 -0.3 -0.3 -0.4  0.   0.1  0.9 -0.4  0.8 -0.1  0.5 -0.2  0.2 -0.5 -0.7  0.  -0.5  1.1  2.1 -0.5 -1.   0.  -0.5 -0.  -0.2 -0.2  1.9 -0.5  1.4 -0.  -0.9 -0.1  2.7 -0.2 -0.   0.3 -0.5  0.1 -0.3 -0.2 -0.7  1.6 -0.4 -0.1  1.3  2.6  1.9 -0.7 -0.5  0.6 -0.1 -0.2 -0.2  0.1 -0.1  0.6 -0.1 -0.4  1.5  0.3 -0.  -0.3  1.2  0.3  0.1  0.1 -0.1  1.1  1.   0.9 -0.5  0.3 -0.1 -0.2  1.3 -0.4  0.4 -0.4  0.3  2.3  0.8  0.3 -0.4  0.9  1.7  1.3  0.6  0.4 -0.3 -1.3 -0.2  0.5 -0.8  2.8 -0.1  2.3 -0.2 -0.  -0.2  0.2 -0.2  1.5  0.3  0.1  0.9  1.  -0.4  2.2 -0.4  0.1  0.5  0.9 -0.3 -0.1 -0.2  1.8 -0.   0.6 -0.3  0.2 -0.2  0.3 -0.1 -0.1 -0.5 -0.   3.8  0.9  0.9  1.2  0.8  0.4 -0.2 -0.1 -0.4 -0.6 -0.4 -0.2 -0.6]
ty_50sample [[3 3 3 3 3 3 3 3]
 [3 3 3 3 3 6 3 3]
 [7 7 7 7 7 4 9 7]
 [5 5 5 3 5 5 3 3]
 [6 3 3 3 7 4 3 7]
 [3 3 3 7 3 3 3 3]
 [0 4 2 0 6 0 4 0]
 [1 2 5 2 2 2 5 2]
 [7 5 1 7 5 1 5 7]
 [3 3 7 3 3 3 3 3]]
tt_50sample [[5 0 3 3 7 9 3 5]
 [8 8 3 2 3 6 3 6]
 [7 8 4 4 1 7 6 9]
 [5 9 4 6 5 1 3 3]
 [0 7 6 3 5 4 3 4]
 [3 6 9 3 7 1 3 7]
 [0 4 8 0 4 5 7 2]
 [3 6 1 0 2 2 5 5]
 [1 6 7 1 5 2 0 2]
 [3 5 7 6 6 9 3 3]]
vm  [-0.5 -0.1 -0.6  1.6  0.8  1.5  0.9 -0.   0.7 -0.1  1.6 -0.  -0.1  0.6  1.6  1.  -1.   1.5  0.7  0.2 -0.1 -0.2  2.6 -1.  -0.7 -0.1 -0.   0.9 -0.6 -0.   0.9 -0.4  0.3 -0.6  0.9  1.8  0.1  2.9 -0.5 -0.1 -0.4 -0.1 -0.1  2.3  1.9  3.2  1.6  0.4 -0.2  2.2 -0.   0.1  3.  -0.2 -0.5 -0.5  1.3  0.6  0.  -0.2  2.5 -0.1 -0.2 -0.  -1.2  0.6 -1.1  2.7 -0.5 -0.2  1.3  3.9  0.4 -0.6  0.7 -0.3 -0.1 -0.3 -0.3 -0.2  4.4 -0.6  1.5 -0.1 -0.3  0.1  2.2 -0.2  0.1 -0.3  1.3 -0.4  0.5  1.8 -0.2  0.2  1.4  0.7  0.4  0.9  2.2 -0.9  0.9 -0.6  0.2 -0.3 -1.3  0.3  0.5  0.7  2.   0.  -0.9 -0.   1.4 -0.1  2.4 -0.1 -0.2  1.3  0.5  1.4 -0.1  2.1  2.2  2.4 -0.7 -0.4  1.9 -0.1  0.6 -0.5 -0.3 -0.2  1.5 -0.1 -0.5 -0.1 -0.1 -0.9  2.3  1.5  0.4 -0.3 -0.6 -0.3  2.5  0.8  1.  -0.1 -1.2  0.8  0.7  1.3  1.7 -0.7 -0.5 -0.1  1.1 -0.2 -0.2 -0.1  0.8 -0.2  1.8 -0.8 -0.4  1.3 -0.4  1.9 -0.1 -0.2 -0.5 -0.6 -0.5 -0.1 -0.2 -0.5 -0.1  2.4 -0.2 -0.1  2.1  2.5 -0.3 -0.2  1.3  0.4  2.3 -0.1  0.1 -0.4 -0.2 -0.4  0.3  0.4 -0.6 -0.7 -0.6 -0.1  1.1  0.   0.9 -0.1 -0.1 -0.3  0.2 -0.8 -0.2  2.6  4.6 -0.5 -0.2  3.9  0.7 -0.4 -0.4  0.9  0.8  0.2 -0.4  2.3 -0.4 -0.1 -0.1  1.4 -0.1 -0.   0.9 -0.2  1.1 -0.2 -0.4 -0.1  1.2 -0.3 -0.3 -0.5 -0.4 -0.5  0.3 -0.1 -0.8 -0.6 -0.2  1.1 -0.4  2.3  0.6 -0.3  1.  -0.1 -0.4 -0.   0.2 -0.4]
vy_50sample [[3 3 9 9 0 9 0 3]
 [5 5 5 5 5 5 5 5]
 [5 8 8 3 8 8 9 9]
 [3 9 8 3 3 3 9 3]
 [9 4 5 5 3 8 4 4]
 [3 9 9 7 9 9 7 9]
 [0 0 0 0 0 0 0 0]
 [6 3 3 6 3 6 5 6]
 [8 8 5 4 5 8 8 5]
 [3 4 3 4 2 4 3 4]]
vt_50sample [[9 1 6 3 4 4 5 2]
 [7 7 0 3 2 9 2 6]
 [4 4 2 9 6 9 4 4]
 [5 8 2 8 6 1 4 1]
 [9 5 5 7 1 3 3 6]
 [6 5 6 6 6 7 4 7]
 [3 0 0 3 3 8 6 1]
 [2 9 6 8 3 9 5 4]
 [9 1 1 5 3 5 7 5]
 [5 2 1 3 5 3 5 4]]
Epoch   210: Training cost= 1.6830, Training acc= 0.2390, Validation cost= 2.6097, Validation acc= 0.1187
Epoch   220: Training cost= 1.6407, Training acc= 0.2459, Validation cost= 2.7070, Validation acc= 0.1187
Epoch   230: Training cost= 1.6559, Training acc= 0.2516, Validation cost= 2.6763, Validation acc= 0.1187
Epoch   240: Training cost= 1.6061, Training acc= 0.2581, Validation cost= 2.7275, Validation acc= 0.1186
Epoch   250: Training cost= 1.5367, Training acc= 0.2650, Validation cost= 2.7894, Validation acc= 0.1185
Epoch   260: Training cost= 1.4753, Training acc= 0.2720, Validation cost= 2.8438, Validation acc= 0.1184
Epoch   270: Training cost= 1.4597, Training acc= 0.2790, Validation cost= 2.9070, Validation acc= 0.1183
Epoch   280: Training cost= 1.5055, Training acc= 0.2852, Validation cost= 3.0008, Validation acc= 0.1182
Epoch   290: Training cost= 1.3767, Training acc= 0.2918, Validation cost= 2.9758, Validation acc= 0.1181
Epoch   300: Training cost= 1.3785, Training acc= 0.2987, Validation cost= 3.0986, Validation acc= 0.1179
tm  [ 2.1 -0.3  2.5 -0.5  0.9 -0.4 -0.7 -0.3 -0.2 -0.1 -0.4 -0.   2.2 -0.4  1.1  0.5 -0.3  1.7  2.7  0.2  2.9  0.5 -0.6 -0.1  1.4  2.7 -0.3 -0.4 -0.6  1.   0.7  0.9  1.3 -0.   3.8  2.6 -0.4 -0.6  0.   1.2  0.5 -0.4  0.7  1.5 -0.1  3.   0.7  0.9 -0.7  0.3  0.3  3.8 -0.2  2.1  0.8 -0.5  1.6 -0.7 -0.5 -0.3 -0.2 -0.2 -0.3 -0.2 -0.3  2.3  2.4 -0.2 -0.6 -0.  -0.4  0.5 -0.9 -0.   2.1  3.9  1.5  1.6  1.7  0.9 -0.1  0.  -0.4 -0.5 -0.4 -1.1 -0.1  2.   2.  -0.2  0.4  0.2 -0.8  1.   1.3  2.7 -0.6 -0.2  1.4  2.5  1.  -0.4 -0.  -0.3  1.  -0.2 -0.6  1.1  2.5 -0.6 -0.5  1.  -0.3  0.2  2.   1.1 -0.1  3.3 -0.4 -0.5 -0.5 -0.1  0.1  0.7 -0.7  0.5 -0.3  0.8 -0.3 -0.  -0.6 -0.8 -0.1 -0.6  0.6  2.6 -0.4 -0.9  0.4 -0.5 -0.2 -0.3 -0.3  2.5 -0.4  1.  -0.2 -1.  -0.1  3.6  0.1 -0.1 -0.1 -0.5  0.   0.3 -0.2 -0.8  2.4 -0.4  0.7  0.8  3.5  2.6 -1.2 -0.6  1.5 -0.1 -0.1 -0.6  0.5 -0.3  0.7 -0.3 -0.4  2.1  0.7  0.1 -0.6  1.4  0.3  0.   0.4 -0.1  1.4  0.8  1.6 -0.4 -0.1 -0.3 -0.1  2.4 -0.3  0.4 -0.5  0.2  2.9  1.8  0.3 -0.5  0.8  2.9  1.6  0.6  1.1 -0.5 -1.4 -0.2  1.1 -0.9  2.9  0.   3.2 -0.3  0.5 -0.4  0.6 -0.3  2.1 -0.1  0.4  1.2  1.  -0.4  2.5 -0.6 -0.1  0.7  0.5 -0.3 -0.  -0.1  2.9  0.4  0.9 -0.5  0.5  0.6  1.  -0.1 -0.2 -0.7 -0.1  4.2  1.6  0.6  2.1  0.3  0.3 -0.3 -0.4 -0.4 -0.9 -0.3 -0.1 -0.6]
ty_50sample [[5 5 3 3 3 3 3 3]
 [3 3 3 2 3 6 3 3]
 [7 7 7 4 7 4 9 7]
 [5 9 5 3 5 1 3 3]
 [4 3 3 3 7 4 3 4]
 [3 3 3 7 7 3 3 7]
 [0 4 4 0 4 0 4 0]
 [3 2 1 2 0 2 5 5]
 [1 6 1 1 5 2 1 2]
 [3 3 7 3 3 3 3 3]]
tt_50sample [[5 0 3 3 7 9 3 5]
 [8 8 3 2 3 6 3 6]
 [7 8 4 4 1 7 6 9]
 [5 9 4 6 5 1 3 3]
 [0 7 6 3 5 4 3 4]
 [3 6 9 3 7 1 3 7]
 [0 4 8 0 4 5 7 2]
 [3 6 1 0 2 2 5 5]
 [1 6 7 1 5 2 0 2]
 [3 5 7 6 6 9 3 3]]
vm  [-0.7 -0.  -0.9  1.7  0.6  1.3  0.9  0.2  0.9 -0.   2.6 -0.1 -0.1  1.   2.   0.8 -1.   1.6  1.2 -0.1  0.1 -0.1  3.4 -0.9 -0.7 -0.1 -0.1  1.8 -0.6  0.4 -0.1 -0.5  0.3 -0.6  0.7  1.5  0.6  2.4 -0.2 -0.2 -0.4 -0.1 -0.   2.6  1.7  4.6  1.7  0.5 -0.1  3.   0.9 -0.1  3.2 -0.1 -0.6 -0.6  1.4  0.6  0.2 -0.3  2.3 -0.2 -0.3  0.2 -1.1  1.  -1.3  3.1 -0.5 -0.1  1.3  4.2  0.2 -0.5  0.7 -0.4 -0.1 -0.4 -0.3 -0.1  4.6 -0.6  2.1  0.8 -0.3  0.4  2.6 -0.   0.2 -0.1  1.6 -0.2  0.8  1.  -0.2  0.3  1.1  1.1  0.8  0.2  3.5 -0.5  0.7 -0.7  0.6 -0.4 -1.2 -0.   1.3  1.   1.7  0.7 -0.8 -0.1  1.3 -0.2  2.4 -0.1 -0.3  1.   0.6  2.5  0.6  2.4  2.5  3.4 -0.6 -0.5  2.1  0.3  1.4 -0.3 -0.4 -0.3  1.4 -0.2 -0.1  0.  -0.3 -0.7  2.6  1.9  0.6 -0.6 -0.6 -0.6  3.2  0.9  1.2 -0.1 -1.   1.1  0.5  0.9  2.  -0.6 -0.5  0.2  1.  -0.3 -0.3 -0.2  1.7  0.1  2.9 -0.5 -0.7  0.8 -0.4  1.4 -0.  -0.3 -0.8 -0.6 -0.5 -0.3 -0.4 -0.5 -0.2  2.8 -0.1  0.6  2.4  3.  -0.4 -0.3  1.2  0.8  2.8 -0.   0.8 -0.7 -0.2 -0.5  0.2  0.5 -0.7 -0.6 -0.7  0.1  0.7 -0.1  0.8 -0.3 -0.1 -0.6  0.8 -1.  -0.2  3.1  4.4 -0.7 -0.6  4.7  0.8 -0.5 -0.5  0.6  1.1 -0.1 -0.5  3.  -0.5  0.1 -0.1  0.9 -0.2  0.6 -0.1 -0.2  1.2 -0.3 -0.3 -0.4  0.8 -0.3 -0.6 -0.3 -0.3 -0.9  1.1 -0.1 -0.8 -0.5 -0.3  0.8 -0.6  2.2  0.9 -0.5  0.9 -0.2 -0.3  0.1  0.6 -0.6]
vy_50sample [[3 3 3 3 3 3 3 3]
 [5 5 5 5 5 5 5 5]
 [3 3 3 3 3 3 3 3]
 [3 1 3 3 3 3 9 3]
 [4 0 4 5 0 0 4 4]
 [1 1 7 1 9 9 7 5]
 [0 0 7 7 3 7 0 0]
 [6 3 3 6 3 6 5 6]
 [5 5 5 4 5 5 5 5]
 [4 2 3 4 2 4 3 4]]
vt_50sample [[9 1 6 3 4 4 5 2]
 [7 7 0 3 2 9 2 6]
 [4 4 2 9 6 9 4 4]
 [5 8 2 8 6 1 4 1]
 [9 5 5 7 1 3 3 6]
 [6 5 6 6 6 7 4 7]
 [3 0 0 3 3 8 6 1]
 [2 9 6 8 3 9 5 4]
 [9 1 1 5 3 5 7 5]
 [5 2 1 3 5 3 5 4]]
Epoch   310: Training cost= 1.4675, Training acc= 0.3049, Validation cost= 3.0950, Validation acc= 0.1178
Epoch   320: Training cost= 1.4173, Training acc= 0.3106, Validation cost= 3.0978, Validation acc= 0.1177
Epoch   330: Training cost= 1.2671, Training acc= 0.3175, Validation cost= 3.1207, Validation acc= 0.1176
Epoch   340: Training cost= 1.2046, Training acc= 0.3251, Validation cost= 3.2236, Validation acc= 0.1175
Epoch   350: Training cost= 1.1442, Training acc= 0.3330, Validation cost= 3.3279, Validation acc= 0.1174
Epoch   360: Training cost= 1.0970, Training acc= 0.3413, Validation cost= 3.4398, Validation acc= 0.1174
Epoch   370: Training cost= 1.0674, Training acc= 0.3498, Validation cost= 3.5718, Validation acc= 0.1173
Epoch   380: Training cost= 1.0992, Training acc= 0.3574, Validation cost= 3.7405, Validation acc= 0.1173
Epoch   390: Training cost= 1.0801, Training acc= 0.3636, Validation cost= 3.6452, Validation acc= 0.1173
Epoch   400: Training cost= 1.0189, Training acc= 0.3706, Validation cost= 3.6513, Validation acc= 0.1172
tm  [ 3.1 -0.5  3.7 -0.6  1.  -0.5 -0.8 -0.4  0.3 -0.1 -0.5 -0.1  2.5 -0.4  0.4  0.7 -0.4  1.9  3.  -0.1  4.1  0.5 -0.8  0.9  1.8  3.2 -0.4 -0.5 -0.7  1.1  0.5  1.2  1.6 -0.   4.9  2.2 -0.4 -0.8  0.4  1.7  0.2 -0.2  0.8  1.6 -0.1  3.4  0.9  1.6 -1.   0.5  0.8  4.6 -0.3  2.6  1.2 -0.6  1.8 -1.1 -0.7 -0.5 -0.2 -0.4 -0.4 -0.2 -0.2  2.9  3.2 -0.3 -0.7  0.1 -0.6  0.2 -1.1  0.3  2.8  4.8  2.2  2.4  2.   0.8 -0.1  0.5 -0.5 -0.4 -0.4 -1.2 -0.2  2.4  2.5 -0.2  0.7 -0.  -1.   0.7  1.3  2.7 -0.9 -0.2  1.   2.1  1.4 -0.5 -0.  -0.2  0.9 -0.1 -0.4  1.7  2.7 -0.8 -0.8  1.2 -0.4  0.4  2.2  1.3 -0.2  4.6 -0.6 -0.8 -0.7 -0.1  0.5  0.7 -1.  -0.  -0.5  1.4 -0.4 -0.  -0.9 -1.1 -0.1 -0.6  0.1  3.3 -0.2 -0.9  0.6 -0.6 -0.2 -0.3 -0.4  2.6 -0.4  1.  -0.2 -1.3  0.   3.9  0.7 -0.1 -0.1 -0.5 -0.   1.9 -0.3 -0.9  3.  -0.4  1.7  0.7  4.3  3.4 -1.5 -0.7  1.8 -0.2 -0.2 -0.9  0.8 -0.4  0.8 -0.5 -0.3  3.   0.2  0.  -0.9  2.2 -0.   0.4  0.5 -0.3  1.6  0.6  1.9 -0.4 -0.1 -0.3 -0.   3.4 -0.3  0.4 -0.6 -0.   3.5  2.3  0.8 -0.7  0.6  3.3  1.8  1.   1.4 -0.7 -1.3 -0.3  1.7 -1.2  3.2  0.3  4.  -0.1  0.9 -0.5  0.7 -0.3  2.6 -0.2  0.5  1.   1.3 -0.4  2.6 -0.7 -0.2  1.1  0.6 -0.3  0.1  0.   3.6  0.6  1.2 -0.6  0.9  1.6  1.5  0.1 -0.2 -0.9 -0.2  4.7  1.7  0.3  3.   0.1 -0.  -0.2 -0.6 -0.5 -1.2 -0.4 -0.1 -0.5]
ty_50sample [[5 0 3 3 3 3 3 3]
 [3 8 3 2 6 6 3 6]
 [8 8 4 4 7 8 9 9]
 [5 9 5 3 5 1 3 3]
 [0 3 5 3 5 4 3 4]
 [3 6 3 3 7 3 3 7]
 [0 4 8 0 4 0 7 0]
 [3 6 1 3 0 2 5 5]
 [1 6 0 1 5 2 0 2]
 [3 6 7 9 9 3 3 3]]
tt_50sample [[5 0 3 3 7 9 3 5]
 [8 8 3 2 3 6 3 6]
 [7 8 4 4 1 7 6 9]
 [5 9 4 6 5 1 3 3]
 [0 7 6 3 5 4 3 4]
 [3 6 9 3 7 1 3 7]
 [0 4 8 0 4 5 7 2]
 [3 6 1 0 2 2 5 5]
 [1 6 7 1 5 2 0 2]
 [3 5 7 6 6 9 3 3]]
vm  [-1.   0.4 -1.2  2.4  1.2  1.5  1.  -0.   1.7 -0.   2.5 -0.1 -0.2  1.5  2.3  0.9 -1.2  1.5  1.3 -0.  -0.2 -0.1  5.1 -1.  -1.  -0.1  0.1  2.1 -0.8  0.9 -0.2 -0.7 -0.  -1.   0.3  2.1  0.2  3.5 -0.  -0.1 -0.3 -0.2 -0.3  3.2  2.4  5.9  1.4  0.3 -0.4  4.1  1.2 -0.1  3.9 -0.1 -0.8 -0.8  1.   1.2  0.  -0.6  2.9 -0.3 -0.4 -0.  -1.2  1.  -1.7  4.  -0.4  0.1  1.5  5.5  0.3 -0.4  0.8 -0.5 -0.3 -0.5 -0.3 -0.   5.  -0.8  2.7  0.7 -0.3  1.1  3.1 -0.1 -0.1 -0.3  1.7 -0.3  1.7  1.6 -0.2  0.4  0.9  1.5  0.7 -0.2  4.5 -0.5  0.2 -0.6  0.4 -0.3 -1.4 -0.1  1.2  1.1  1.7  1.  -0.9 -0.   1.  -0.2  3.1 -0.4 -0.2  1.5  0.5  2.8  0.7  2.4  3.1  4.2 -0.6 -0.6  2.3  0.3  2.2  0.  -0.4 -0.3  1.4 -0.4  0.   0.3 -0.3 -0.6  3.1  1.5  1.1 -0.4 -0.6 -0.6  4.   1.   1.9 -0.3 -1.2  1.3  1.2  0.8  2.2 -0.6 -0.8  0.8  1.5 -0.3 -0.4 -0.4  2.3 -0.1  3.9 -0.5 -0.9  0.7 -0.2  2.1 -0.1 -0.5 -1.1 -0.6 -0.2 -0.3 -0.5 -0.6 -0.2  3.3  0.4  0.5  2.9  3.  -0.4 -0.4  2.2  1.2  3.4 -0.3  1.6 -1.  -0.  -0.5 -0.   1.1 -0.8 -0.6 -0.7  0.1  0.8 -0.1  0.3 -0.5 -0.4 -0.9  1.5 -1.1 -0.5  4.   4.8 -0.8 -1.   6.   0.9 -0.8 -0.4  0.5  0.9 -0.1 -0.7  3.  -0.6  0.3 -0.   0.5 -0.1  0.8 -0.1 -0.4  1.5 -0.4 -0.5 -0.6  0.4 -0.7 -0.6 -0.3 -0.2 -1.2  2.  -0.  -1.1 -0.6 -0.4 -0.1 -0.8  2.3  1.3 -0.4  1.  -0.1 -0.2  0.3  0.3 -0.6]
vy_50sample [[3 3 3 3 3 3 0 3]
 [5 5 5 5 5 5 5 5]
 [3 3 3 3 3 3 3 3]
 [3 8 8 0 3 3 9 3]
 [9 0 9 5 3 0 0 4]
 [4 7 7 7 8 7 7 5]
 [0 0 7 7 7 0 0 0]
 [8 3 9 8 8 6 8 8]
 [5 5 5 4 5 5 5 5]
 [3 2 3 2 2 0 2 4]]
vt_50sample [[9 1 6 3 4 4 5 2]
 [7 7 0 3 2 9 2 6]
 [4 4 2 9 6 9 4 4]
 [5 8 2 8 6 1 4 1]
 [9 5 5 7 1 3 3 6]
 [6 5 6 6 6 7 4 7]
 [3 0 0 3 3 8 6 1]
 [2 9 6 8 3 9 5 4]
 [9 1 1 5 3 5 7 5]
 [5 2 1 3 5 3 5 4]]
Epoch   410: Training cost= 0.9266, Training acc= 0.3788, Validation cost= 3.7498, Validation acc= 0.1172
Epoch   420: Training cost= 0.8653, Training acc= 0.3876, Validation cost= 3.8980, Validation acc= 0.1171
Epoch   430: Training cost= 0.8188, Training acc= 0.3966, Validation cost= 4.0584, Validation acc= 0.1171
Epoch   440: Training cost= 0.8475, Training acc= 0.4046, Validation cost= 4.1696, Validation acc= 0.1171
Epoch   450: Training cost= 0.9521, Training acc= 0.4103, Validation cost= 4.1995, Validation acc= 0.1170
Epoch   460: Training cost= 0.8797, Training acc= 0.4158, Validation cost= 3.9806, Validation acc= 0.1170
Epoch   470: Training cost= 0.7598, Training acc= 0.4231, Validation cost= 4.0097, Validation acc= 0.1170
Epoch   480: Training cost= 0.6836, Training acc= 0.4313, Validation cost= 4.1748, Validation acc= 0.1169
Epoch   490: Training cost= 0.6609, Training acc= 0.4400, Validation cost= 4.3195, Validation acc= 0.1168
Epoch   500: Training cost= 0.5829, Training acc= 0.4484, Validation cost= 4.4672, Validation acc= 0.1168
tm  [ 3.9 -0.7  4.5 -0.7  1.3 -0.8 -0.9 -0.5  0.9 -0.  -0.6 -0.1  3.1 -0.3  0.5  0.9 -0.6  2.6  2.8 -0.2  5.1  0.3 -0.9  1.4  2.6  3.9 -0.5 -0.5 -0.8  1.5 -0.   1.8  1.9  0.3  6.5  2.3 -0.5 -1.   0.5  2.  -0.1  0.1  1.2  1.6 -0.1  4.2  1.6  1.9 -1.2  0.6  1.2  5.2 -0.5  3.7  0.9 -0.7  2.6 -1.6 -0.8 -0.5 -0.2 -0.5 -0.6 -0.  -0.2  4.   4.4 -0.3 -0.8  0.7 -0.7  0.2 -1.3  1.1  3.8  6.2  3.2  3.1  2.8  0.8  0.5  1.  -0.7 -0.3 -0.3 -1.4 -0.2  2.8  3.1 -0.2  0.8  0.  -1.3  0.7  1.9  2.9 -1.1 -0.1  0.9  1.8  2.1 -0.7 -0.  -0.2  1.3 -0.1 -0.2  2.7  3.3 -1.  -1.1  1.6 -0.5  0.4  2.7  1.5 -0.4  6.3 -0.6 -1.  -0.8 -0.1  1.   1.3 -1.3 -0.1 -0.6  1.7 -0.3 -0.  -1.2 -1.4 -0.1 -0.8  0.1  4.4 -0.  -1.  -0.  -0.7 -0.2 -0.3 -0.5  2.7 -0.4  0.9 -0.1 -1.5  0.1  5.1  1.7 -0.1 -0.1 -0.3  0.3  2.9 -0.4 -1.1  4.  -0.3  2.4  0.6  5.3  3.8 -1.9 -0.8  1.8 -0.2 -0.2 -1.2  1.5 -0.6  1.  -0.7 -0.4  3.9  0.2  0.  -1.1  3.1 -0.1  0.3  0.5 -0.4  2.2  0.8  2.5 -0.4  0.1 -0.3  0.   4.  -0.3  0.4 -0.8 -0.1  3.9  3.6  1.7 -0.8  0.9  3.9  2.4  1.3  2.3 -0.9 -1.4 -0.2  2.2 -1.5  4.   0.3  4.9  0.2  1.4 -0.7  0.4 -0.2  3.1 -0.3  1.   1.4  1.6 -0.4  2.8 -1.  -0.4  1.8  0.2 -0.3  0.1  0.2  4.3  0.8  1.6 -0.7  1.   2.7  2.4  0.5 -0.2 -1.2 -0.4  5.   1.5  0.   4.3  0.3 -0.2 -0.1 -0.8 -0.7 -1.4 -0.2 -0.1 -0.4]
ty_50sample [[5 0 3 3 7 9 3 5]
 [8 8 3 2 3 8 3 8]
 [7 7 4 4 7 8 6 9]
 [5 9 4 6 5 1 3 3]
 [0 7 3 3 5 4 3 4]
 [3 6 9 3 7 3 3 7]
 [0 4 8 0 4 5 7 2]
 [3 6 1 2 0 2 5 5]
 [1 6 7 1 5 2 0 2]
 [3 5 7 6 6 3 3 3]]
tt_50sample [[5 0 3 3 7 9 3 5]
 [8 8 3 2 3 6 3 6]
 [7 8 4 4 1 7 6 9]
 [5 9 4 6 5 1 3 3]
 [0 7 6 3 5 4 3 4]
 [3 6 9 3 7 1 3 7]
 [0 4 8 0 4 5 7 2]
 [3 6 1 0 2 2 5 5]
 [1 6 7 1 5 2 0 2]
 [3 5 7 6 6 9 3 3]]
vm  [-1.5  1.1 -1.5  3.3  2.5  1.4  1.   0.6  2.9 -0.1  3.6 -0.1 -0.3  2.2  2.9  1.  -1.5  1.4  2.  -0.2 -0.2 -0.2  6.2 -1.3 -1.2 -0.4 -0.1  2.9 -1.   1.4 -0.4 -1.  -0.  -1.1  0.5  2.6 -0.1  4.3 -0.2 -0.2 -0.3 -0.6 -0.4  3.5  3.4  7.1  1.5  0.5 -0.6  5.1  2.2 -0.3  4.5 -0.1 -0.9 -0.8  1.1  2.4  0.2 -0.6  4.  -0.5 -0.4 -0.2 -1.2  1.1 -1.9  5.3 -0.4  0.9  1.6  6.9  0.1 -0.3  0.9 -0.5 -0.6 -0.9 -0.2 -0.   6.3 -0.9  3.3  0.8 -0.5  1.9  4.2 -0.3 -0.2 -0.3  1.9 -0.4  2.7  2.  -0.3  0.5  0.6  2.2  0.6 -0.4  5.9 -0.6  0.2 -0.8  0.5 -0.3 -1.6 -0.1  1.4  1.3  1.9  1.2 -0.9  0.3  1.1 -0.2  3.8 -0.4 -0.   1.9  0.1  3.3  1.4  2.7  3.5  4.8 -0.5 -0.7  3.9  0.5  3.4  0.4 -0.7 -0.2  1.1 -0.2 -0.   0.7 -0.4 -0.5  4.2  2.3  0.9 -0.4 -0.8 -0.9  4.8  1.4  2.7 -0.3 -1.4  1.1  1.4  1.2  3.  -0.9 -0.9  2.1  1.9 -0.3 -0.7 -0.5  3.5 -0.2  5.7 -0.4 -1.   0.8 -0.2  2.8 -0.3 -1.  -1.3 -0.8  0.5 -0.4 -0.7 -0.7 -0.3  4.3  1.   0.2  3.5  3.8 -0.1 -0.4  2.9  1.4  4.2 -0.4  2.9 -1.2  0.2 -0.5 -0.2  1.6 -0.7 -0.6 -0.8  0.3  1.  -0.2  0.1 -0.6 -0.6 -1.1  3.3 -1.2 -0.8  5.1  5.7 -0.9 -1.4  7.6  1.7 -1.1 -0.2 -0.   1.7 -0.1 -0.8  3.5 -0.5  0.6 -0.1  0.4 -0.   1.8 -0.1 -0.3  1.7 -0.6 -0.8 -0.7  0.9 -1.3 -0.8 -0.1 -0.3 -1.5  2.3  0.3 -1.4 -0.8 -0.4 -0.4 -1.   2.7  2.4 -0.6  0.8 -0.  -0.   1.3  0.2 -0.5]
vy_50sample [[3 3 3 3 3 3 0 3]
 [5 9 5 5 5 6 5 6]
 [3 3 3 3 3 3 3 3]
 [8 8 0 0 3 3 9 3]
 [9 0 9 5 0 0 0 9]
 [7 7 7 7 8 7 7 5]
 [0 0 7 7 7 7 7 0]
 [8 3 3 8 8 3 8 8]
 [6 6 6 4 6 8 8 6]
 [4 4 4 2 2 4 2 4]]
vt_50sample [[9 1 6 3 4 4 5 2]
 [7 7 0 3 2 9 2 6]
 [4 4 2 9 6 9 4 4]
 [5 8 2 8 6 1 4 1]
 [9 5 5 7 1 3 3 6]
 [6 5 6 6 6 7 4 7]
 [3 0 0 3 3 8 6 1]
 [2 9 6 8 3 9 5 4]
 [9 1 1 5 3 5 7 5]
 [5 2 1 3 5 3 5 4]]
Epoch   510: Training cost= 0.6802, Training acc= 0.4560, Validation cost= 4.6048, Validation acc= 0.1167
Epoch   520: Training cost= 0.7476, Training acc= 0.4622, Validation cost= 4.5543, Validation acc= 0.1167
Epoch   530: Training cost= 0.6027, Training acc= 0.4688, Validation cost= 4.4743, Validation acc= 0.1166
Epoch   540: Training cost= 0.5308, Training acc= 0.4764, Validation cost= 4.6343, Validation acc= 0.1166
Epoch   550: Training cost= 0.4664, Training acc= 0.4844, Validation cost= 4.7292, Validation acc= 0.1165
Epoch   560: Training cost= 0.4118, Training acc= 0.4923, Validation cost= 4.8975, Validation acc= 0.1165
Epoch   570: Training cost= 0.4077, Training acc= 0.5002, Validation cost= 5.0432, Validation acc= 0.1165
Epoch   580: Training cost= 0.4126, Training acc= 0.5077, Validation cost= 5.1445, Validation acc= 0.1164
Epoch   590: Training cost= 0.3520, Training acc= 0.5154, Validation cost= 5.2651, Validation acc= 0.1164
Epoch   600: Training cost= 0.3274, Training acc= 0.5229, Validation cost= 5.3902, Validation acc= 0.1164
tm  [ 4.1 -0.8  5.2 -0.8  1.5 -0.9 -0.9 -0.4  1.2 -0.1 -0.5 -0.   4.  -0.3  0.3  1.4 -0.6  3.3  2.8 -0.2  6.1  0.3 -1.1  1.5  3.6  4.5 -0.7 -0.5 -0.9  1.5 -0.1  1.9  2.4  0.7  7.8  2.5 -0.6 -1.1  0.2  2.3 -0.2  0.6  1.1  1.2 -0.2  4.3  2.2  1.8 -1.4  0.7  2.4  5.2 -0.6  4.8  1.  -0.7  2.7 -2.  -0.9 -0.6 -0.2 -0.6 -0.7  0.3 -0.1  4.4  5.4 -0.3 -0.9  1.1 -0.9  0.1 -1.5  1.   4.6  7.7  4.   3.6  3.7  0.8  1.2  1.4 -0.9 -0.3 -0.3 -1.5 -0.3  2.6  3.7 -0.1  0.6  0.1 -1.6  0.4  2.9  2.8 -1.3 -0.   0.8  2.2  2.6 -0.8 -0.  -0.2  1.4 -0.2 -0.3  3.   3.8 -1.3 -1.2  1.5 -0.6 -0.   3.   1.8 -0.6  7.7 -0.7 -1.2 -0.9 -0.   1.3  2.2 -1.5 -0.1 -0.6  2.2 -0.2 -0.1 -1.5 -1.7 -0.2 -1.  -0.2  5.3  0.4 -0.9 -0.1 -0.8 -0.4 -0.3 -0.5  2.8 -0.4  0.9 -0.1 -1.8  0.3  6.   2.2 -0.2 -0.1 -0.2  0.5  3.8 -0.6 -1.3  4.8 -0.1  3.5  0.2  6.3  4.  -2.2 -0.9  1.9 -0.1 -0.3 -1.4  2.  -0.8  1.3 -0.9 -0.4  4.8  0.1 -0.  -1.3  3.6 -0.3 -0.   0.5 -0.6  2.7  0.9  2.9 -0.5 -0.1 -0.6  0.1  4.6 -0.4  0.1 -1.  -0.3  4.1  4.2  2.4 -0.9  0.7  4.1  2.7  1.4  2.8 -1.1 -1.4 -0.2  2.8 -1.9  4.8  1.   5.7  0.8  1.4 -0.9  0.3 -0.   4.3 -0.2  1.2  2.   1.7 -0.5  2.6 -1.1 -0.4  3.1  0.1 -0.2  0.2  0.7  4.5  0.6  2.1 -0.8  1.4  3.6  3.6  0.5 -0.3 -1.3 -0.4  5.3  1.5 -0.1  5.1 -0.  -0.2 -0.3 -0.9 -0.9 -1.7 -0.2 -0.1 -0.3]
ty_50sample [[5 0 3 3 7 9 3 5]
 [8 8 3 2 3 6 3 6]
 [7 8 4 4 1 8 6 9]
 [5 9 4 6 5 1 3 3]
 [0 7 6 3 5 4 3 4]
 [3 6 9 3 7 1 3 7]
 [0 4 8 0 4 5 7 2]
 [3 6 1 0 2 2 5 5]
 [1 6 7 1 5 2 0 2]
 [3 5 7 6 6 3 3 3]]
tt_50sample [[5 0 3 3 7 9 3 5]
 [8 8 3 2 3 6 3 6]
 [7 8 4 4 1 7 6 9]
 [5 9 4 6 5 1 3 3]
 [0 7 6 3 5 4 3 4]
 [3 6 9 3 7 1 3 7]
 [0 4 8 0 4 5 7 2]
 [3 6 1 0 2 2 5 5]
 [1 6 7 1 5 2 0 2]
 [3 5 7 6 6 9 3 3]]
vm  [-2.   1.9 -1.7  3.6  2.8  1.8  0.3  0.6  3.3 -0.1  4.4 -0.1 -0.3  1.9  3.1  0.8 -1.6  1.2  2.5 -0.5 -0.  -0.5  7.3 -1.5 -1.3 -0.4 -0.3  3.9 -0.9  2.5 -0.5 -1.  -0.1 -1.5  0.2  2.9  0.2  4.  -0.3 -0.2 -0.3 -0.7 -0.5  3.   4.3  7.6  2.1  0.5 -0.8  6.6  2.9 -0.3  3.8  0.2 -0.9 -0.9  1.6  3.6 -0.1 -0.5  4.4 -0.5 -0.4 -0.1 -1.3  1.3 -2.3  5.6 -0.2  0.8  1.3  7.7 -0.1 -0.3  1.1 -0.3 -0.9 -1.1 -0.1  0.1  6.8 -1.3  3.6  1.6 -0.6  2.2  5.1 -0.1 -0.1 -0.3  2.6 -0.4  2.9  1.9 -0.3  0.4 -0.1  2.6  0.5 -0.4  6.4 -0.5  0.1 -1.   0.2 -0.1 -1.9 -0.3  1.3  1.   1.8  1.6 -1.   1.3  1.6  0.3  3.8 -0.5  0.4  1.6  0.1  3.7  3.   3.1  3.3  5.9 -0.6 -0.9  4.5  0.8  4.3  0.9 -0.9 -0.3  1.9 -0.2  1.   0.6 -0.5 -0.5  5.1  4.   0.1 -0.5 -0.9 -1.   5.   0.8  2.4 -0.2 -1.3  0.9  0.8  1.5  3.7 -0.9 -0.9  2.6  3.1 -0.3 -0.9 -0.5  4.1 -0.   7.  -0.4 -0.9  0.2 -0.1  2.8 -0.4 -1.2 -1.4 -0.9  0.6 -0.6 -0.9 -0.6 -0.3  4.3  2.1  0.7  3.9  3.6 -0.  -0.7  2.1  2.   4.5 -0.4  3.3 -1.3  0.2 -0.6 -0.2  1.4 -0.8 -0.2 -0.8  0.6  0.8 -0.2 -0.1 -0.9 -0.7 -1.5  3.6 -1.  -0.8  5.3  5.9 -1.  -1.7  9.8  2.1 -0.9 -0.2 -0.1  1.9 -0.4 -0.7  4.3 -0.6  0.8  0.   0.8  0.1  2.7 -0.2 -0.   1.7 -0.7 -0.6 -0.8 -0.1 -1.5 -0.9 -0.   0.4 -2.   2.6 -0.1 -1.3 -0.9 -0.3 -0.4 -1.1  2.5  3.4 -0.7  1.   0.   0.9  1.7  0.6 -0.7]
vy_50sample [[3 3 3 3 3 3 0 3]
 [5 3 5 3 7 6 7 6]
 [3 3 3 3 3 3 3 3]
 [8 8 0 0 3 3 9 3]
 [9 0 0 5 0 0 0 1]
 [7 7 7 7 8 7 7 5]
 [0 0 7 7 7 7 7 7]
 [3 3 5 3 3 3 8 5]
 [6 6 6 4 6 4 6 4]
 [7 4 4 2 2 4 4 2]]
vt_50sample [[9 1 6 3 4 4 5 2]
 [7 7 0 3 2 9 2 6]
 [4 4 2 9 6 9 4 4]
 [5 8 2 8 6 1 4 1]
 [9 5 5 7 1 3 3 6]
 [6 5 6 6 6 7 4 7]
 [3 0 0 3 3 8 6 1]
 [2 9 6 8 3 9 5 4]
 [9 1 1 5 3 5 7 5]
 [5 2 1 3 5 3 5 4]]
Epoch   610: Training cost= 0.2772, Training acc= 0.5304, Validation cost= 5.5413, Validation acc= 0.1164
Epoch   620: Training cost= 0.2568, Training acc= 0.5377, Validation cost= 5.7036, Validation acc= 0.1163
Epoch   630: Training cost= 0.2973, Training acc= 0.5447, Validation cost= 5.9387, Validation acc= 0.1163
Epoch   640: Training cost= 0.6658, Training acc= 0.5490, Validation cost= 5.6452, Validation acc= 0.1162
Epoch   650: Training cost= 0.4761, Training acc= 0.5530, Validation cost= 5.2202, Validation acc= 0.1162
Epoch   660: Training cost= 0.3288, Training acc= 0.5585, Validation cost= 5.1916, Validation acc= 0.1161
Epoch   670: Training cost= 0.2451, Training acc= 0.5647, Validation cost= 5.3261, Validation acc= 0.1161
Epoch   680: Training cost= 0.2008, Training acc= 0.5710, Validation cost= 5.5220, Validation acc= 0.1160
Epoch   690: Training cost= 0.1749, Training acc= 0.5771, Validation cost= 5.7130, Validation acc= 0.1160
Epoch   700: Training cost= 0.1546, Training acc= 0.5832, Validation cost= 5.8709, Validation acc= 0.1160
tm  [ 4.1 -0.8  5.4 -0.8  1.7 -1.1 -1.  -0.6  1.  -0.3 -0.6 -0.1  4.5 -0.4  0.2  1.6 -0.6  3.3  2.5 -0.1  6.7  0.3 -1.   2.3  3.9  4.7 -0.6 -0.8 -1.   1.2 -0.1  1.6  2.9  0.3  8.1  2.6 -0.6 -1.2  0.2  2.9 -0.2  0.9  0.9  1.   0.   5.   1.9  2.5 -1.6  0.8  2.4  5.6 -0.6  5.2  1.  -0.7  2.9 -2.1 -1.1 -0.8 -0.2 -0.7 -0.7 -0.  -0.1  5.1  5.5 -0.4 -1.   1.7 -0.9 -0.1 -1.5  1.2  4.7  8.3  4.   4.2  4.2  0.1  1.6  1.8 -1.  -0.3 -0.1 -1.5 -0.4  3.3  4.2 -0.1  0.4  0.1 -1.6  0.4  2.8  3.  -1.3 -0.   0.4  1.8  2.8 -0.9 -0.1 -0.2  1.6 -0.1 -0.4  3.1  4.  -1.4 -1.3  1.7 -0.6  0.   3.1  1.9 -0.7  8.6 -1.  -1.3 -0.9 -0.   1.   2.  -1.6 -0.1 -0.8  2.3 -0.3 -0.2 -1.6 -1.8 -0.3 -1.  -0.3  5.6  0.4 -0.9 -0.  -0.6 -0.5 -0.5 -0.5  3.2 -0.4  1.3 -0.  -2.   0.7  6.3  2.1 -0.3  0.  -0.2  0.7  4.3 -0.7 -1.3  5.2 -0.   3.7 -0.   6.8  4.3 -2.6 -0.9  1.9 -0.2 -0.3 -1.6  2.3 -0.8  1.  -0.9 -0.4  5.3 -0.1 -0.2 -1.3  3.7 -0.3 -0.   0.6 -0.8  2.9  0.9  3.3 -0.5  0.1 -0.5  0.1  4.6 -0.4  0.1 -1.  -0.3  4.7  4.4  2.9 -1.   0.4  4.1  3.4  1.7  2.8 -1.2 -1.4 -0.3  3.4 -2.   5.4  1.1  6.4  1.1  1.6 -1.  -0.   0.1  4.6 -0.2  0.8  1.8  1.6 -0.6  2.7 -1.3 -0.6  3.5 -0.  -0.3 -0.   0.8  4.8  0.2  2.4 -1.   1.5  4.2  3.8  1.  -0.4 -1.4 -0.5  5.4  0.8 -0.1  5.9 -0.1 -0.3 -0.4 -1.  -0.9 -1.9 -0.1 -0.1 -0.2]
ty_50sample [[5 0 3 3 7 9 3 5]
 [8 8 3 2 3 6 3 6]
 [7 8 4 4 1 7 6 9]
 [5 9 4 6 5 1 3 3]
 [0 7 6 3 5 4 3 4]
 [3 6 9 3 7 1 3 7]
 [0 4 8 0 4 5 7 2]
 [3 6 1 0 2 2 5 5]
 [1 6 7 1 5 2 0 2]
 [3 5 7 6 6 9 3 3]]
tt_50sample [[5 0 3 3 7 9 3 5]
 [8 8 3 2 3 6 3 6]
 [7 8 4 4 1 7 6 9]
 [5 9 4 6 5 1 3 3]
 [0 7 6 3 5 4 3 4]
 [3 6 9 3 7 1 3 7]
 [0 4 8 0 4 5 7 2]
 [3 6 1 0 2 2 5 5]
 [1 6 7 1 5 2 0 2]
 [3 5 7 6 6 9 3 3]]
vm  [-2.3  2.6 -1.8  3.6  3.9  1.3  0.4  0.3  4.  -0.2  4.8  0.  -0.3  2.   3.1  0.5 -1.8  0.8  3.  -0.7 -0.2 -0.5  7.9 -1.9 -1.4 -0.3 -0.4  4.1 -1.1  4.  -0.6 -0.9 -0.2 -1.8  0.1  3.  -0.1  4.5 -0.7 -0.3 -0.1 -1.  -0.5  2.4  5.2  8.   2.   0.2 -0.9  6.5  3.3 -0.2  3.6  0.2 -0.9 -0.9  2.4  4.4 -0.1 -0.8  4.3 -0.2 -0.3 -0.2 -1.6  1.4 -2.5  5.9 -0.   0.7  1.3  8.1 -0.3 -0.3  1.4 -0.1 -1.2 -1.4  0.5  0.2  7.2 -1.8  4.2  1.7 -0.7  2.4  5.8 -0.1 -0.2 -0.4  3.1 -0.5  3.6  1.7 -0.4  0.4 -0.   3.2  0.2 -0.6  6.4 -0.5  0.  -1.  -0.1 -0.  -2.1 -0.5  1.3  0.9  1.8  1.5 -1.1  1.8  1.8  1.1  4.3 -0.4 -0.   1.9 -0.   4.3  4.   3.2  4.3  5.7 -0.5 -1.   5.1  1.3  4.7  0.9 -1.1 -0.4  2.2 -0.4  1.4  0.1 -0.5 -0.5  6.3  4.4 -0.  -0.5 -0.8 -0.8  5.   1.2  2.3 -0.3 -1.4  0.6  0.8  1.8  3.9 -1.  -0.9  3.   3.7 -0.4 -1.  -0.4  4.8  0.5  7.7 -0.5 -1.  -0.1 -0.   3.3 -0.6 -1.5 -1.4 -0.9  0.5 -0.8 -1.1 -0.8 -0.2  4.8  3.4  1.1  4.6  4.2 -0.1 -0.9  2.5  2.3  5.1 -0.3  3.7 -1.2 -0.1 -0.8 -0.4  1.3 -0.8 -0.3 -0.7  0.2  1.2 -0.1 -0.2 -1.  -1.  -1.6  4.1 -1.  -0.9  5.3  6.3 -1.  -1.9 11.1  2.1 -1.1 -0.1 -0.1  2.9 -0.5 -0.6  3.9 -0.7  1.2 -0.1  1.   0.   2.5 -0.1  0.2  1.5 -0.8 -0.6 -0.9 -0.2 -1.6 -1.2  0.2  0.4 -2.2  2.1 -0.1 -1.5 -1.  -0.4 -0.7 -1.3  2.2  3.8 -0.9  0.7  0.1  1.8  1.8  0.5 -0.9]
vy_50sample [[3 3 6 3 3 3 1 3]
 [5 4 5 3 7 6 7 6]
 [3 3 3 6 3 3 3 3]
 [8 1 6 0 3 3 9 3]
 [9 0 1 5 1 0 0 1]
 [7 7 7 3 8 9 7 5]
 [4 0 7 7 7 7 7 7]
 [8 3 5 8 8 3 8 8]
 [6 6 6 4 6 2 8 4]
 [7 4 4 2 2 4 6 2]]
vt_50sample [[9 1 6 3 4 4 5 2]
 [7 7 0 3 2 9 2 6]
 [4 4 2 9 6 9 4 4]
 [5 8 2 8 6 1 4 1]
 [9 5 5 7 1 3 3 6]
 [6 5 6 6 6 7 4 7]
 [3 0 0 3 3 8 6 1]
 [2 9 6 8 3 9 5 4]
 [9 1 1 5 3 5 7 5]
 [5 2 1 3 5 3 5 4]]
Epoch   710: Training cost= 0.1400, Training acc= 0.5890, Validation cost= 6.0379, Validation acc= 0.1159
Epoch   720: Training cost= 0.1273, Training acc= 0.5947, Validation cost= 6.1801, Validation acc= 0.1159
Epoch   730: Training cost= 0.1199, Training acc= 0.6003, Validation cost= 6.3063, Validation acc= 0.1159
Epoch   740: Training cost= 0.1120, Training acc= 0.6057, Validation cost= 6.4598, Validation acc= 0.1159
Epoch   750: Training cost= 0.1046, Training acc= 0.6109, Validation cost= 6.5406, Validation acc= 0.1159
Epoch   760: Training cost= 0.1034, Training acc= 0.6160, Validation cost= 6.6649, Validation acc= 0.1159
Epoch   770: Training cost= 0.1097, Training acc= 0.6210, Validation cost= 6.7252, Validation acc= 0.1159
Epoch   780: Training cost= 0.1037, Training acc= 0.6259, Validation cost= 6.8240, Validation acc= 0.1158
Epoch   790: Training cost= 0.1249, Training acc= 0.6306, Validation cost= 6.8894, Validation acc= 0.1158
Epoch   800: Training cost= 0.1811, Training acc= 0.6350, Validation cost= 6.8020, Validation acc= 0.1158
tm  [ 4.1 -0.6  5.6 -0.9  1.5 -1.2 -1.1 -0.7  0.7 -0.3 -0.5 -0.   5.4 -0.5  0.1  2.4 -0.7  3.7  2.1 -0.1  8.   0.2 -1.   2.5  4.6  5.2 -0.7 -0.9 -0.9  1.8 -0.2  2.5  3.4  0.4  9.   2.8 -0.5 -1.5  0.1  2.1 -0.3  1.6  0.7  0.1 -0.   6.1  2.5  2.8 -1.6  1.3  3.1  6.1 -0.7  6.5  0.3 -0.6  3.2 -2.3 -1.4 -0.9 -0.2 -0.7 -0.7  0.8 -0.1  6.2  6.1 -0.5 -0.9  1.9 -1.  -0.2 -1.7  2.2  5.   9.3  4.6  4.8  5.5 -0.1  1.7  2.  -1.1 -0.2  0.2 -1.6 -0.4  3.5  4.5  0.4 -0.1  0.8 -1.8 -0.   3.   3.6 -1.7  0.3  0.3  1.3  2.3 -1.  -0.1 -0.3  1.3 -0.2 -0.3  3.1  4.9 -1.6 -1.5  1.9 -0.6  0.4  4.   2.1 -0.8  9.3 -1.4 -1.4 -1.   0.6  1.6  2.4 -1.8 -0.1 -0.8  2.5 -0.5 -0.3 -1.8 -2.1 -0.3 -1.  -0.3  6.   0.9 -0.8 -0.1 -0.7 -0.5 -0.4 -0.4  3.2 -0.2  1.  -0.2 -2.2  0.7  7.1  3.3 -0.3 -0.1  0.   0.9  4.7 -0.7 -1.2  6.2 -0.   4.3 -0.1  6.8  5.2 -3.1 -0.7  1.8 -0.2 -0.4 -1.9  2.8 -0.8  1.4 -0.9 -0.5  5.9 -0.1 -0.1 -1.5  4.2 -0.1 -0.1  1.2 -0.8  4.   0.5  3.7 -0.6  1.  -0.4  0.6  4.6 -0.6  0.2 -1.  -0.2  5.1  4.9  3.2 -1.1  0.5  4.6  4.2  2.1  3.8 -1.2 -1.6 -0.2  4.  -2.1  6.1  1.3  7.1  1.7  1.6 -1.1 -0.   0.3  4.7 -0.4  1.   1.7  1.6 -0.8  2.5 -1.4 -0.7  4.5 -0.2 -0.3 -0.1  1.2  5.2 -0.2  2.1 -1.   2.1  5.2  4.8  1.8 -0.5 -1.4 -0.5  5.5  0.3 -0.2  6.2 -0.4 -0.6 -0.5 -1.  -0.8 -1.9 -0.1 -0.3 -0.1]
ty_50sample [[5 0 3 3 7 9 3 5]
 [8 8 3 2 3 6 3 6]
 [7 8 4 4 1 7 6 9]
 [5 9 4 6 5 1 3 3]
 [0 7 6 3 5 4 3 4]
 [3 6 9 3 7 1 3 7]
 [0 4 8 0 4 5 7 2]
 [3 6 1 0 2 2 5 5]
 [1 6 7 1 5 2 0 2]
 [3 5 7 6 6 9 3 3]]
tt_50sample [[5 0 3 3 7 9 3 5]
 [8 8 3 2 3 6 3 6]
 [7 8 4 4 1 7 6 9]
 [5 9 4 6 5 1 3 3]
 [0 7 6 3 5 4 3 4]
 [3 6 9 3 7 1 3 7]
 [0 4 8 0 4 5 7 2]
 [3 6 1 0 2 2 5 5]
 [1 6 7 1 5 2 0 2]
 [3 5 7 6 6 9 3 3]]
vm  [-2.7  3.2 -1.8  3.5  3.6  1.4 -0.1 -0.   3.9 -0.2  5.4 -0.2 -0.3  1.5  2.7  0.2 -1.7  0.7  2.9 -1.  -0.1 -0.6  7.9 -1.9 -1.5 -0.2 -0.4  4.8 -1.   4.5 -0.7 -1.1 -0.3 -1.9  0.2  3.2 -0.1  3.9 -0.8 -0.4 -0.2 -1.1 -0.5  2.7  5.3  8.5  2.1  0.3 -1.   7.8  3.1  0.1  3.3  1.1 -0.7 -0.9  2.1  5.3 -0.3 -0.8  3.9 -0.3 -0.5 -0.1 -1.6  2.  -2.6  5.9  0.6  0.9  1.1  8.5 -0.6 -0.3  1.7  0.1 -1.3 -1.6  0.5  0.   8.  -2.1  4.5  2.4 -0.7  2.8  6.4 -0.1 -0.  -0.4  3.3 -0.3  4.2  1.3 -0.7  0.8 -0.2  4.1  0.3 -0.7  7.6 -0.4  0.8 -1.2 -0.1  1.2 -2.5 -0.6  1.4  0.3  1.7  2.  -1.   2.7  2.8  1.2  4.5 -0.3  0.2  1.8 -0.2  4.4  5.   2.8  4.   6.1 -0.5 -1.3  5.7  1.9  5.4  0.9 -1.3 -0.3  2.7 -0.2  1.9 -0.1 -0.6 -0.5  7.5  5.9  0.1 -0.4 -0.9 -0.6  4.5  0.8  2.2 -0.3 -1.3  0.6 -0.2  2.   4.6 -0.9 -0.9  3.2  4.7 -0.5 -1.  -0.6  5.3  0.8  8.9 -0.6 -0.9 -0.2  0.1  3.1 -0.6 -1.6 -1.5 -1.1 -0.1 -0.9 -1.3 -0.8 -0.5  4.5  3.8  1.7  4.6  5.  -0.1 -1.1  1.7  3.5  5.3 -0.   4.5 -1.2 -0.2 -0.9 -0.3  1.4 -0.8  0.1 -0.7  0.3  0.6 -0.1 -0.3 -1.1 -1.  -1.8  4.9 -0.9 -0.9  4.7  6.3 -1.1 -2.1 12.8  2.4 -0.9  0.1 -0.2  3.1 -0.6 -0.6  4.1 -0.6  1.2 -0.1  1.5  0.6  3.  -0.2  0.9  1.2 -0.8 -0.6 -1.1 -0.4 -1.9 -1.3  0.3  1.  -2.3  2.4 -0.3 -1.5 -0.9 -0.5 -0.8 -1.3  2.3  4.5 -1.2 -0.1 -0.   1.7  1.6  1.2 -1.2]
vy_50sample [[3 1 5 3 3 3 1 3]
 [5 3 5 3 7 6 7 6]
 [3 3 3 6 3 3 3 3]
 [3 1 6 0 3 3 9 3]
 [9 0 9 5 1 0 0 1]
 [7 7 7 3 8 3 7 5]
 [4 0 5 7 7 5 3 7]
 [3 3 3 8 3 3 8 5]
 [6 6 6 4 5 5 5 5]
 [4 4 3 2 2 4 6 2]]
vt_50sample [[9 1 6 3 4 4 5 2]
 [7 7 0 3 2 9 2 6]
 [4 4 2 9 6 9 4 4]
 [5 8 2 8 6 1 4 1]
 [9 5 5 7 1 3 3 6]
 [6 5 6 6 6 7 4 7]
 [3 0 0 3 3 8 6 1]
 [2 9 6 8 3 9 5 4]
 [9 1 1 5 3 5 7 5]
 [5 2 1 3 5 3 5 4]]
Epoch   810: Training cost= 0.1948, Training acc= 0.6391, Validation cost= 6.6271, Validation acc= 0.1157
Epoch   820: Training cost= 0.1605, Training acc= 0.6433, Validation cost= 6.6472, Validation acc= 0.1156
Epoch   830: Training cost= 0.1538, Training acc= 0.6474, Validation cost= 6.6433, Validation acc= 0.1156
Epoch   840: Training cost= 0.1388, Training acc= 0.6515, Validation cost= 6.6402, Validation acc= 0.1155
Epoch   850: Training cost= 0.0951, Training acc= 0.6555, Validation cost= 6.7208, Validation acc= 0.1155
Epoch   860: Training cost= 0.0765, Training acc= 0.6595, Validation cost= 6.7942, Validation acc= 0.1154
Epoch   870: Training cost= 0.0598, Training acc= 0.6634, Validation cost= 6.9094, Validation acc= 0.1153
Epoch   880: Training cost= 0.0519, Training acc= 0.6672, Validation cost= 6.9922, Validation acc= 0.1153
Epoch   890: Training cost= 0.0458, Training acc= 0.6710, Validation cost= 7.0985, Validation acc= 0.1152
Epoch   900: Training cost= 0.0424, Training acc= 0.6746, Validation cost= 7.1981, Validation acc= 0.1152
tm  [ 4.1 -0.9  6.7 -0.9  1.8 -1.4 -1.1 -0.8  0.5 -0.3 -0.7 -0.2  5.2 -0.6  0.   2.6 -0.7  4.   2.1 -0.   7.8  0.4 -1.3  2.6  4.8  5.3 -0.6 -1.  -1.2  1.5 -0.2  1.7  3.2  0.2  9.8  3.2 -0.7 -1.4 -0.   3.  -0.3  1.2  0.9  0.2 -0.1  5.7  2.4  3.1 -1.8  1.8  2.8  7.  -0.7  6.9  0.1 -0.8  2.5 -2.5 -1.4 -1.  -0.3 -0.8 -0.9  0.2 -0.1  5.9  6.4 -0.6 -1.   2.  -1.  -0.  -1.6  2.   5.3 10.1  4.4  5.2  5.4 -0.1  2.1  2.2 -1.2 -0.4 -0.1 -1.7 -0.6  3.6  4.6 -0.  -0.1  0.7 -1.8  0.6  3.6  3.6 -1.4 -0.   0.1  1.5  2.5 -1.3 -0.1 -0.2  1.5 -0.1 -0.3  3.5  4.5 -1.8 -1.6  2.  -0.7  0.3  3.5  2.2 -0.7 10.  -1.1 -1.5 -1.   0.2  1.1  3.  -1.9 -0.1 -0.9  2.2 -0.4 -0.3 -1.9 -2.3 -0.3 -1.3 -0.3  6.7  1.1 -1.  -0.1 -0.6 -0.7 -0.6 -0.5  3.5 -0.6  1.5 -0.2 -2.3  1.3  7.7  3.2 -0.4 -0.   0.   0.8  5.4 -0.8 -1.4  6.2  0.3  4.6  0.2  7.9  4.7 -3.3 -1.   2.  -0.2 -0.4 -1.9  2.7 -1.1  1.1 -0.9 -0.3  6.1 -0.  -0.2 -1.6  4.6 -0.3 -0.2  1.  -0.9  3.5  0.5  3.7 -0.5  1.1 -0.7  0.8  5.3 -0.6 -0.  -1.2 -0.4  5.   5.1  3.9 -1.2  0.3  4.9  4.1  2.   3.7 -1.3 -1.6 -0.2  3.9 -2.3  6.6  1.3  7.7  1.5  1.8 -1.3 -0.1  0.1  4.9 -0.5  0.6  1.9  1.4 -0.6  3.  -1.7 -0.8  5.1 -0.2 -0.4 -0.2  1.3  5.1  0.1  2.7 -1.2  2.3  5.   4.9  1.6 -0.5 -1.5 -0.5  5.9  0.8 -0.1  7.2 -0.2 -0.5 -0.5 -1.  -1.1 -2.2 -0.1 -0.3 -0.1]
ty_50sample [[5 0 3 3 7 9 3 5]
 [8 8 3 2 3 6 3 6]
 [7 8 4 4 1 7 6 9]
 [5 9 4 6 5 1 3 3]
 [0 7 6 3 5 4 3 4]
 [3 6 9 3 7 1 3 7]
 [0 4 8 0 4 5 7 2]
 [3 6 1 0 2 2 5 5]
 [1 6 7 1 5 2 0 2]
 [3 5 7 6 6 9 3 3]]
tt_50sample [[5 0 3 3 7 9 3 5]
 [8 8 3 2 3 6 3 6]
 [7 8 4 4 1 7 6 9]
 [5 9 4 6 5 1 3 3]
 [0 7 6 3 5 4 3 4]
 [3 6 9 3 7 1 3 7]
 [0 4 8 0 4 5 7 2]
 [3 6 1 0 2 2 5 5]
 [1 6 7 1 5 2 0 2]
 [3 5 7 6 6 9 3 3]]
vm  [-2.9  3.9 -2.   3.9  4.3  1.4 -0.  -0.1  4.9 -0.3  5.7 -0.2 -0.3  1.7  3.5 -0.1 -2.1  0.8  3.1 -1.  -0.3 -0.5  9.2 -2.2 -1.7 -0.1 -0.3  5.7 -1.2  5.1 -0.8 -1.2 -0.4 -2.2  0.1  3.6 -0.2  4.5 -1.  -0.1 -0.1 -1.2 -0.6  3.3  6.2  9.3  1.9  0.8 -1.1  7.7  4.2 -0.   3.5  1.  -1.  -1.   3.   6.4 -0.3 -0.8  4.5 -0.3 -0.4 -0.5 -1.7  2.  -2.8  6.9  0.9  0.6  1.6  9.9 -0.4 -0.2  1.7 -0.1 -1.5 -1.9  0.9  0.4  7.9 -2.4  5.2  2.5 -0.8  2.7  7.1 -0.1 -0.1 -0.4  4.2 -0.4  4.3  1.7 -0.9  0.8 -0.1  4.2  0.3 -1.   7.8 -0.5  0.1 -1.3 -0.   1.8 -2.6 -0.8  2.   0.5  2.5  1.9 -1.3  2.4  2.2  1.5  5.2 -0.5 -0.   2.6 -0.1  4.6  5.5  3.6  4.7  6.4 -0.5 -1.4  6.   2.5  5.8  2.2 -1.5 -0.3  3.6 -0.4  2.1 -0.2 -0.5 -0.5  7.9  6.2 -0.  -0.2 -1.1 -0.8  5.   1.1  2.9 -0.5 -1.4  0.9  0.1  2.1  5.3 -1.1 -1.   4.1  4.5 -0.4 -1.1 -0.6  5.9  0.5 10.  -0.6 -1.  -0.2  0.3  3.9 -0.9 -1.8 -1.7 -1.   0.7 -1.  -1.4 -0.7 -0.3  5.   3.7  2.3  5.   4.7 -0.2 -0.9  2.8  3.6  6.3 -0.2  4.2 -1.4 -0.4 -0.8 -0.6  1.7 -0.8  0.2 -0.8  0.3  1.  -0.1 -0.6 -1.3 -1.3 -1.8  5.3 -1.  -0.9  5.6  7.  -1.  -2.2 13.3  2.5 -1.   0.2 -0.3  3.3 -0.7 -0.8  4.5 -0.5  1.5 -0.1  1.8  0.6  3.6 -0.2  0.9  2.7 -1.  -0.8 -1.1 -0.4 -2.1 -1.5  0.5  0.4 -2.7  1.8 -0.2 -1.7 -1.3 -0.3 -0.9 -1.3  2.4  5.  -1.2  0.2  0.2  1.8  1.6  0.6 -1. ]
vy_50sample [[3 3 5 1 3 3 1 3]
 [5 4 5 3 7 6 7 6]
 [3 3 3 6 3 3 3 3]
 [8 1 6 0 3 3 9 3]
 [7 0 1 5 1 0 0 1]
 [7 7 7 7 8 7 7 5]
 [4 0 5 7 7 5 7 7]
 [3 3 1 6 3 3 8 8]
 [6 6 6 4 6 2 6 6]
 [4 4 4 2 2 4 6 2]]
vt_50sample [[9 1 6 3 4 4 5 2]
 [7 7 0 3 2 9 2 6]
 [4 4 2 9 6 9 4 4]
 [5 8 2 8 6 1 4 1]
 [9 5 5 7 1 3 3 6]
 [6 5 6 6 6 7 4 7]
 [3 0 0 3 3 8 6 1]
 [2 9 6 8 3 9 5 4]
 [9 1 1 5 3 5 7 5]
 [5 2 1 3 5 3 5 4]]
Epoch   910: Training cost= 0.0400, Training acc= 0.6782, Validation cost= 7.2756, Validation acc= 0.1152
Epoch   920: Training cost= 0.0384, Training acc= 0.6817, Validation cost= 7.3652, Validation acc= 0.1151
Epoch   930: Training cost= 0.0379, Training acc= 0.6851, Validation cost= 7.4115, Validation acc= 0.1151
Epoch   940: Training cost= 0.0389, Training acc= 0.6885, Validation cost= 7.4962, Validation acc= 0.1150
Epoch   950: Training cost= 0.0417, Training acc= 0.6917, Validation cost= 7.5089, Validation acc= 0.1150
Epoch   960: Training cost= 0.0455, Training acc= 0.6950, Validation cost= 7.5956, Validation acc= 0.1149
Epoch   970: Training cost= 0.0484, Training acc= 0.6981, Validation cost= 7.5845, Validation acc= 0.1149
Epoch   980: Training cost= 0.0485, Training acc= 0.7012, Validation cost= 7.6693, Validation acc= 0.1148
Epoch   990: Training cost= 0.0496, Training acc= 0.7042, Validation cost= 7.6765, Validation acc= 0.1148
Epoch  1000: Training cost= 0.0470, Training acc= 0.7072, Validation cost= 7.7080, Validation acc= 0.1147
tm  [ 4.  -0.8  7.  -0.9  2.2 -1.6 -1.2 -0.8  0.6 -0.3 -0.8 -0.2  5.9 -0.5 -0.1  2.6 -0.7  4.1  2.   0.   8.   0.7 -1.3  2.9  5.1  5.2 -0.7 -1.1 -1.2  1.2 -0.1  1.9  3.5  0.3 10.6  2.8 -0.7 -1.4  0.6  3.2 -0.3  1.5  0.6  0.4 -0.2  6.1  2.6  3.5 -2.   2.   3.1  7.6 -0.7  7.5  0.1 -0.9  2.6 -2.6 -1.2 -0.9 -0.3 -1.  -0.8  0.3 -0.1  6.   6.6 -0.5 -1.1  2.3 -1.1 -0.1 -1.7  2.3  4.9 10.3  4.5  5.1  5.3 -0.2  2.3  2.1 -1.3 -0.4 -0.2 -1.8 -0.6  3.9  4.7 -0.  -0.1  0.6 -1.8  0.8  3.6  3.5 -1.4  0.2 -0.   1.6  2.4 -1.4  0.4 -0.1  1.8 -0.1 -0.2  3.6  4.4 -1.9 -1.6  1.9 -0.6  0.4  3.5  2.8 -0.8 10.1 -1.1 -1.5 -1.   0.2  1.   3.1 -1.9 -0.2 -1.   2.1 -0.4 -0.2 -1.9 -2.4 -0.3 -1.3 -0.4  6.7  1.  -1.  -0.1 -0.5 -0.6 -0.7 -0.5  3.9 -0.5  1.5 -0.1 -2.2  1.3  8.   3.3 -0.5 -0.  -0.1  1.1  5.8 -0.9 -1.3  6.5  0.4  4.5  0.3  8.3  5.4 -3.4 -1.   1.6 -0.1 -0.3 -1.9  2.7 -1.2  1.4 -1.  -0.3  6.5 -0.1 -0.3 -1.6  5.1 -0.3 -0.1  1.3 -0.8  3.9  0.9  3.7 -0.5  1.2 -0.8  0.8  5.4 -0.5  0.1 -1.3 -0.5  5.3  4.5  3.7 -1.2  0.4  5.3  4.5  2.3  4.1 -1.5 -1.6 -0.2  4.2 -2.5  7.2  0.9  7.6  1.3  2.1 -1.4 -0.1  0.1  4.7 -0.5  0.7  1.9  1.1 -0.5  2.8 -1.8 -1.   5.2 -0.2 -0.5  0.1  1.8  5.6 -0.1  3.1 -1.4  2.6  5.4  4.9  1.1 -0.5 -1.7 -0.6  6.3  0.6 -0.1  7.5 -0.1 -0.5 -0.5 -0.9 -1.2 -2.2 -0.2 -0.3 -0. ]
ty_50sample [[5 0 3 3 7 9 3 5]
 [8 8 3 2 3 6 3 6]
 [7 8 4 4 1 7 6 9]
 [5 9 4 6 5 1 3 3]
 [0 7 6 3 5 4 3 4]
 [3 6 9 3 7 1 3 7]
 [0 4 8 0 4 5 7 2]
 [3 6 1 0 2 2 5 5]
 [1 6 7 1 5 2 0 2]
 [3 5 7 6 6 9 3 3]]
tt_50sample [[5 0 3 3 7 9 3 5]
 [8 8 3 2 3 6 3 6]
 [7 8 4 4 1 7 6 9]
 [5 9 4 6 5 1 3 3]
 [0 7 6 3 5 4 3 4]
 [3 6 9 3 7 1 3 7]
 [0 4 8 0 4 5 7 2]
 [3 6 1 0 2 2 5 5]
 [1 6 7 1 5 2 0 2]
 [3 5 7 6 6 9 3 3]]
vm  [-3.2  4.4 -1.8  3.9  4.   1.  -0.1 -0.1  5.2 -0.5  5.9 -0.2 -0.1  1.4  3.5 -0.2 -2.1  1.   3.4 -1.1 -0.4 -0.5  9.2 -2.3 -1.7 -0.  -0.5  5.7 -1.1  5.3 -0.8 -1.3 -0.6 -2.4 -0.   3.2 -0.2  4.3 -1.  -0.2 -0.1 -1.3 -0.2  2.9  5.9  9.6  1.5 -0.  -1.1  8.   3.6  0.2  3.6  0.8 -0.9 -1.   2.9  6.5 -0.4 -0.7  4.  -0.3 -0.  -0.4 -1.6  2.4 -2.9  6.5  1.2  1.2  1.5  9.4 -0.6 -0.2  1.4  0.2 -1.7 -2.   1.  -0.1  7.8 -2.7  5.3  3.  -0.9  2.8  7.7 -0.1 -0.1 -0.4  3.5 -0.1  5.   0.9 -1.1  1.  -0.2  4.7  0.5 -1.   8.5 -0.4  0.4 -1.4 -0.2  2.8 -2.8 -0.8  1.7  0.1  2.1  1.2 -1.3  3.3  2.7  1.8  5.3 -0.7 -0.3  2.7 -0.3  4.6  5.5  3.3  4.6  6.1 -0.4 -1.5  6.3  3.2  6.3  1.5 -1.5 -0.3  4.2 -0.4  2.3 -0.3 -0.3 -0.5  8.8  7.2  0.6 -0.2 -0.8 -0.7  4.1  1.   2.3 -0.3 -1.5  0.8 -0.1  1.8  5.4 -1.3 -1.   4.6  4.7 -0.7 -1.2 -0.6  5.8  1.3  9.9 -0.7 -1.1 -0.1  0.1  4.2 -0.8 -1.9 -1.7 -1.2  0.6 -1.1 -1.6 -0.8 -0.4  4.4  4.   2.5  5.4  5.5 -0.1 -1.   3.   4.3  6.7  0.2  4.7 -1.4 -0.5 -1.  -0.6  1.3 -0.8 -0.  -1.   0.6  0.6 -0.1 -0.6 -1.4 -1.4 -1.7  6.2 -1.  -1.   5.4  7.1 -1.1 -2.2 13.9  2.5 -0.8  0.8 -0.4  3.8 -0.9 -0.7  3.9 -0.7  1.7  0.3  1.8  0.7  3.6 -0.1  1.1  2.  -1.2 -0.8 -1.2 -0.5 -1.7 -1.5  0.9  0.5 -2.7  1.7 -0.2 -1.9 -1.2 -0.5 -1.1 -1.4  2.8  5.1 -1.2 -0.   0.5  1.7  1.2  0.9 -1.2]
vy_50sample [[3 3 5 1 3 3 1 3]
 [3 3 5 3 7 6 7 7]
 [3 3 3 2 3 3 3 3]
 [3 1 6 0 3 3 9 3]
 [7 0 0 5 0 0 0 1]
 [7 7 7 7 8 3 7 5]
 [4 7 5 7 7 5 7 7]
 [3 3 1 1 3 3 8 5]
 [6 6 6 4 5 2 6 5]
 [4 4 5 2 2 4 6 2]]
vt_50sample [[9 1 6 3 4 4 5 2]
 [7 7 0 3 2 9 2 6]
 [4 4 2 9 6 9 4 4]
 [5 8 2 8 6 1 4 1]
 [9 5 5 7 1 3 3 6]
 [6 5 6 6 6 7 4 7]
 [3 0 0 3 3 8 6 1]
 [2 9 6 8 3 9 5 4]
 [9 1 1 5 3 5 7 5]
 [5 2 1 3 5 3 5 4]]
Epoch  1010: Training cost= 0.0492, Training acc= 0.7101, Validation cost= 7.7066, Validation acc= 0.1146
Epoch  1020: Training cost= 0.0393, Training acc= 0.7129, Validation cost= 7.7525, Validation acc= 0.1146
Epoch  1030: Training cost= 0.0322, Training acc= 0.7157, Validation cost= 7.7996, Validation acc= 0.1145
Epoch  1040: Training cost= 0.0279, Training acc= 0.7184, Validation cost= 7.8674, Validation acc= 0.1145
Epoch  1050: Training cost= 0.0230, Training acc= 0.7211, Validation cost= 7.9271, Validation acc= 0.1144
Epoch  1060: Training cost= 0.0210, Training acc= 0.7237, Validation cost= 7.9725, Validation acc= 0.1144
Epoch  1070: Training cost= 0.0197, Training acc= 0.7263, Validation cost= 8.0278, Validation acc= 0.1143
Epoch  1080: Training cost= 0.0186, Training acc= 0.7288, Validation cost= 8.0845, Validation acc= 0.1143
Epoch  1090: Training cost= 0.0178, Training acc= 0.7313, Validation cost= 8.1361, Validation acc= 0.1142
Epoch  1100: Training cost= 0.0171, Training acc= 0.7338, Validation cost= 8.1814, Validation acc= 0.1142
tm  [ 4.1 -1.   7.5 -1.   2.2 -1.7 -1.1 -0.8  0.4 -0.3 -0.7 -0.1  5.8 -0.5 -0.   3.1 -0.7  4.5  2.   0.2  8.4  0.7 -1.3  2.7  5.5  5.6 -0.8 -1.2 -1.3  1.3 -0.1  1.8  3.7  0.4 11.1  3.3 -0.7 -1.4  0.5  3.3 -0.4  1.4  0.9  0.  -0.2  6.2  2.4  3.5 -2.   2.2  3.1  7.7 -0.7  8.   0.1 -1.   2.5 -2.7 -1.3 -1.1 -0.2 -1.  -1.   0.1 -0.2  6.2  7.1 -0.6 -1.1  2.2 -1.1  0.  -1.7  2.1  5.4 11.3  4.7  5.7  5.7 -0.2  2.5  2.5 -1.3 -0.4 -0.1 -1.8 -0.6  3.9  4.9  0.  -0.2  0.7 -1.8  1.1  4.1  4.  -1.4  0.3 -0.   1.7  2.4 -1.4  0.1  0.1  1.5 -0.1 -0.3  3.9  4.7 -2.  -1.7  2.3 -0.7  0.2  3.7  2.9 -0.8 11.  -1.1 -1.7 -1.1  0.4  0.7  3.6 -1.9 -0.1 -1.   2.4 -0.4 -0.3 -1.9 -2.6 -0.3 -1.5 -0.4  7.2  1.1 -1.1 -0.2 -0.6 -0.7 -0.8 -0.5  3.9 -0.7  2.1 -0.2 -2.3  1.7  8.6  3.3 -0.4 -0.   0.3  0.9  6.2 -0.9 -1.4  7.   0.4  4.9  0.4  8.6  5.  -3.6 -1.1  1.6 -0.2 -0.4 -2.1  2.8 -1.3  1.2 -1.  -0.3  6.6  0.2 -0.2 -1.6  5.2 -0.3 -0.2  1.1 -0.9  4.   0.8  4.1 -0.5  1.4 -0.9  1.   5.9 -0.6 -0.1 -1.3 -0.4  5.3  5.4  4.2 -1.4  0.   5.8  4.5  2.3  4.4 -1.4 -1.7 -0.2  4.5 -2.5  7.8  1.6  8.1  1.3  2.2 -1.5 -0.2  0.3  5.4 -0.5  0.5  2.1  1.3 -0.6  3.  -1.9 -1.   5.8 -0.3 -0.4 -0.1  1.9  5.6 -0.   3.1 -1.4  3.   5.7  5.6  1.7 -0.5 -1.7 -0.5  6.5  0.9 -0.2  8.2 -0.2 -0.5 -0.6 -1.  -1.2 -2.3 -0.1 -0.4 -0. ]
ty_50sample [[5 0 3 3 7 9 3 5]
 [8 8 3 2 3 6 3 6]
 [7 8 4 4 1 7 6 9]
 [5 9 4 6 5 1 3 3]
 [0 7 6 3 5 4 3 4]
 [3 6 9 3 7 1 3 7]
 [0 4 8 0 4 5 7 2]
 [3 6 1 0 2 2 5 5]
 [1 6 7 1 5 2 0 2]
 [3 5 7 6 6 9 3 3]]
tt_50sample [[5 0 3 3 7 9 3 5]
 [8 8 3 2 3 6 3 6]
 [7 8 4 4 1 7 6 9]
 [5 9 4 6 5 1 3 3]
 [0 7 6 3 5 4 3 4]
 [3 6 9 3 7 1 3 7]
 [0 4 8 0 4 5 7 2]
 [3 6 1 0 2 2 5 5]
 [1 6 7 1 5 2 0 2]
 [3 5 7 6 6 9 3 3]]
vm  [-3.1  4.6 -2.   4.4  4.8  0.8  0.6 -0.1  5.5 -0.2  5.6 -0.2 -0.2  2.3  3.7 -0.1 -2.3  1.1  3.9 -1.  -0.4 -0.5  9.9 -2.5 -1.8 -0.2 -0.2  6.2 -1.4  5.9 -0.7 -1.3 -0.5 -2.5 -0.1  4.1 -0.5  5.6 -1.1 -0.1 -0.  -1.6 -0.5  3.7  6.5 10.1  1.9  0.4 -1.1  8.3  3.9  0.1  4.4  0.5 -1.  -1.1  2.9  7.1 -0.3 -0.8  5.  -0.3 -0.1 -0.8 -1.9  2.2 -3.   7.4  0.6  0.8  1.3 10.1 -0.4 -0.2  1.9 -0.  -1.7 -2.1  1.5 -0.1  8.8 -2.7  6.4  2.6 -0.9  3.2  8.2 -0.2 -0.2 -0.4  4.6 -0.3  5.4  2.4 -1.1  1.3 -0.   5.   0.5 -1.2  8.6 -0.5  0.7 -1.3 -0.2  2.4 -2.9 -1.1  1.5  0.4  2.5  1.8 -1.5  2.4  2.4  2.1  5.5 -0.6 -0.3  3.6 -0.   5.3  5.2  4.2  5.5  6.2 -0.4 -1.4  6.9  2.8  5.9  2.3 -1.6 -0.3  4.1 -0.2  1.9 -0.2 -0.5 -0.7  9.6  7.3  0.3 -0.  -1.1 -0.8  5.   1.1  3.4 -0.5 -1.8  0.7  0.1  2.2  5.1 -1.2 -1.1  4.5  4.7 -0.5 -1.2 -0.5  6.3  0.7 10.8 -0.9 -1.2 -0.2  0.4  5.1 -1.  -2.2 -1.7 -1.   1.  -1.1 -1.4 -0.9 -0.2  5.4  4.2  2.9  5.5  5.3 -0.  -0.8  3.8  4.1  7.6 -0.2  4.6 -1.4 -0.6 -0.8 -0.9  2.1 -0.7  0.1 -1.   0.4  1.2  0.2 -0.8 -1.5 -1.7 -1.7  6.3 -1.  -1.   6.1  7.7 -1.1 -2.3 14.5  2.7 -1.2  0.5 -0.4  4.6 -0.6 -0.8  4.3 -0.5  1.9  0.3  2.3  0.5  3.6  0.4  1.   2.8 -1.3 -1.  -1.2 -0.3 -2.3 -1.5  1.2 -0.1 -2.9  1.5 -0.2 -2.1 -1.6 -0.3 -1.3 -1.3  2.7  5.  -1.2 -0.   0.5  2.3  1.9  0.6 -0.9]
vy_50sample [[3 3 5 1 3 3 1 3]
 [5 3 5 3 7 6 7 7]
 [3 3 3 6 3 3 3 3]
 [8 1 6 3 3 3 9 3]
 [7 0 1 5 1 1 0 1]
 [7 7 7 7 8 7 7 5]
 [4 6 5 7 7 5 7 7]
 [3 3 3 8 3 3 8 8]
 [6 6 6 4 5 5 5 5]
 [4 4 4 2 2 4 6 2]]
vt_50sample [[9 1 6 3 4 4 5 2]
 [7 7 0 3 2 9 2 6]
 [4 4 2 9 6 9 4 4]
 [5 8 2 8 6 1 4 1]
 [9 5 5 7 1 3 3 6]
 [6 5 6 6 6 7 4 7]
 [3 0 0 3 3 8 6 1]
 [2 9 6 8 3 9 5 4]
 [9 1 1 5 3 5 7 5]
 [5 2 1 3 5 3 5 4]]
Epoch  1110: Training cost= 0.0164, Training acc= 0.7362, Validation cost= 8.2233, Validation acc= 0.1142
Epoch  1120: Training cost= 0.0158, Training acc= 0.7385, Validation cost= 8.2632, Validation acc= 0.1141
Epoch  1130: Training cost= 0.0153, Training acc= 0.7408, Validation cost= 8.3015, Validation acc= 0.1141
Epoch  1140: Training cost= 0.0149, Training acc= 0.7431, Validation cost= 8.3397, Validation acc= 0.1141
Epoch  1150: Training cost= 0.0145, Training acc= 0.7453, Validation cost= 8.3691, Validation acc= 0.1140
Epoch  1160: Training cost= 0.0142, Training acc= 0.7475, Validation cost= 8.4145, Validation acc= 0.1140
Epoch  1170: Training cost= 0.0138, Training acc= 0.7497, Validation cost= 8.4340, Validation acc= 0.1139
Epoch  1180: Training cost= 0.0134, Training acc= 0.7518, Validation cost= 8.4780, Validation acc= 0.1139
Epoch  1190: Training cost= 0.0131, Training acc= 0.7539, Validation cost= 8.5015, Validation acc= 0.1139
Epoch  1200: Training cost= 0.0127, Training acc= 0.7560, Validation cost= 8.5308, Validation acc= 0.1138
tm  [ 4.1 -1.   7.8 -1.   2.4 -1.7 -1.1 -0.7  0.4 -0.3 -0.7 -0.1  5.9 -0.5  0.   3.2 -0.7  4.8  2.1  0.3  8.6  1.  -1.4  2.7  5.8  5.7 -0.8 -1.2 -1.4  1.3 -0.2  2.   3.8  0.6 11.6  3.4 -0.7 -1.4  0.5  3.3 -0.3  1.6  1.  -0.  -0.2  6.2  2.4  3.5 -2.   2.4  3.4  8.  -0.6  8.5  0.2 -1.   2.4 -2.8 -1.3 -1.2 -0.2 -1.1 -1.1  0.2 -0.3  6.4  7.4 -0.5 -1.2  2.2 -1.1  0.2 -1.7  2.1  5.5 11.7  4.8  5.8  5.9 -0.2  2.8  2.7 -1.4 -0.5 -0.1 -1.8 -0.6  3.9  5.   0.1 -0.2  0.8 -1.8  1.3  4.2  4.2 -1.4  0.3 -0.1  1.8  2.3 -1.4  0.3  0.4  1.4 -0.1 -0.2  4.   4.8 -2.1 -1.7  2.5 -0.7  0.1  3.8  3.2 -0.8 11.5 -1.1 -1.7 -1.1  0.7  0.5  4.  -1.9 -0.  -1.1  2.3 -0.3 -0.4 -1.9 -2.7 -0.3 -1.5 -0.4  7.5  1.2 -1.1 -0.2 -0.6 -0.7 -0.8 -0.5  3.9 -0.8  2.3 -0.2 -2.4  1.8  8.8  3.2 -0.4 -0.   0.5  0.9  6.5 -0.8 -1.4  7.3  0.7  5.   0.6  8.8  5.1 -3.7 -1.2  1.4 -0.1 -0.4 -2.1  2.7 -1.3  1.2 -1.1 -0.3  6.7  0.5 -0.2 -1.6  5.4 -0.3 -0.2  1.1 -1.   4.3  0.9  4.1 -0.5  1.5 -0.9  1.1  6.1 -0.6 -0.2 -1.4 -0.4  5.3  5.6  4.5 -1.5 -0.   6.1  4.6  2.5  4.6 -1.4 -1.8 -0.1  4.7 -2.6  8.2  1.9  8.2  1.5  2.3 -1.6 -0.3  0.4  5.6 -0.5  0.4  2.3  1.3 -0.5  2.9 -2.  -1.   6.1 -0.2 -0.4 -0.1  2.1  5.7 -0.   3.2 -1.5  3.2  6.   5.9  1.7 -0.5 -1.8 -0.4  6.7  0.8 -0.2  8.4 -0.2 -0.6 -0.6 -1.  -1.3 -2.4 -0.1 -0.4 -0. ]
ty_50sample [[5 0 3 3 7 9 3 5]
 [8 8 3 2 3 6 3 6]
 [7 8 4 4 1 7 6 9]
 [5 9 4 6 5 1 3 3]
 [0 7 6 3 5 4 3 4]
 [3 6 9 3 7 1 3 7]
 [0 4 8 0 4 5 7 2]
 [3 6 1 0 2 2 5 5]
 [1 6 7 1 5 2 0 2]
 [3 5 7 6 6 9 3 3]]
tt_50sample [[5 0 3 3 7 9 3 5]
 [8 8 3 2 3 6 3 6]
 [7 8 4 4 1 7 6 9]
 [5 9 4 6 5 1 3 3]
 [0 7 6 3 5 4 3 4]
 [3 6 9 3 7 1 3 7]
 [0 4 8 0 4 5 7 2]
 [3 6 1 0 2 2 5 5]
 [1 6 7 1 5 2 0 2]
 [3 5 7 6 6 9 3 3]]
vm  [-3.3  4.9 -2.   4.6  4.8  0.8  0.9 -0.1  5.6 -0.2  5.6 -0.3 -0.2  2.6  4.   0.  -2.4  1.3  4.1 -1.1 -0.5 -0.4 10.1 -2.6 -1.8 -0.2 -0.2  6.4 -1.5  6.1 -0.8 -1.3 -0.6 -2.6 -0.1  4.2 -0.6  5.9 -1.2 -0.1 -0.  -1.7 -0.5  3.9  6.6 10.6  1.7  0.4 -1.1  8.7  4.   0.4  4.6  0.4 -1.  -1.1  2.9  7.7 -0.3 -0.8  5.4 -0.2  0.  -0.9 -1.9  2.4 -3.1  7.5  0.5  1.1  1.4 10.5 -0.4 -0.2  2.1 -0.1 -1.8 -2.2  1.5 -0.1  9.  -2.8  6.7  2.7 -0.9  3.6  8.8 -0.3 -0.2 -0.4  4.7 -0.2  5.9  2.7 -1.1  1.5 -0.   5.3  0.6 -1.3  8.9 -0.5  0.9 -1.4 -0.3  2.8 -2.9 -1.2  1.3  0.3  2.7  1.8 -1.5  2.6  2.5  2.1  5.7 -0.7 -0.4  3.9  0.   5.5  5.2  4.3  5.5  6.  -0.4 -1.4  7.2  2.9  6.   2.5 -1.7 -0.3  4.5 -0.2  2.  -0.3 -0.5 -0.7 10.1  7.9  0.2  0.  -1.1 -0.8  5.1  1.2  3.8 -0.4 -1.9  0.6  0.   2.3  5.2 -1.2 -1.1  4.8  5.  -0.5 -1.2 -0.4  6.5  0.8 11.2 -1.  -1.2 -0.2  0.5  5.5 -1.  -2.3 -1.7 -1.   1.1 -1.2 -1.4 -0.9 -0.2  5.4  4.2  3.2  5.6  5.2 -0.  -0.8  4.2  4.4  8.2 -0.1  4.8 -1.5 -0.6 -0.8 -1.   2.4 -0.7  0.2 -1.   0.6  1.4  0.4 -0.9 -1.6 -1.8 -1.7  6.6 -0.9 -1.1  6.3  7.9 -1.1 -2.3 15.2  2.9 -1.3  0.6 -0.4  4.8 -0.7 -0.8  4.3 -0.4  2.   0.5  2.5  0.6  3.6  0.7  1.   2.8 -1.4 -1.1 -1.2 -0.3 -2.4 -1.5  1.3 -0.2 -2.9  1.3 -0.2 -2.1 -1.7 -0.2 -1.4 -1.3  2.7  4.9 -1.2 -0.1  0.7  2.4  2.2  0.6 -0.8]
vy_50sample [[3 3 5 1 3 3 1 3]
 [3 3 6 3 7 6 7 7]
 [3 3 3 6 3 3 3 3]
 [3 1 6 3 3 3 9 3]
 [7 0 1 5 1 1 0 1]
 [7 7 7 7 8 7 7 5]
 [4 6 5 7 7 5 7 7]
 [3 3 1 8 3 3 8 8]
 [6 6 6 4 5 5 5 5]
 [4 4 4 2 2 4 6 2]]
vt_50sample [[9 1 6 3 4 4 5 2]
 [7 7 0 3 2 9 2 6]
 [4 4 2 9 6 9 4 4]
 [5 8 2 8 6 1 4 1]
 [9 5 5 7 1 3 3 6]
 [6 5 6 6 6 7 4 7]
 [3 0 0 3 3 8 6 1]
 [2 9 6 8 3 9 5 4]
 [9 1 1 5 3 5 7 5]
 [5 2 1 3 5 3 5 4]]
Epoch  1210: Training cost= 0.0123, Training acc= 0.7580, Validation cost= 8.5695, Validation acc= 0.1138
Epoch  1220: Training cost= 0.0119, Training acc= 0.7600, Validation cost= 8.5861, Validation acc= 0.1138
Epoch  1230: Training cost= 0.0116, Training acc= 0.7619, Validation cost= 8.6243, Validation acc= 0.1137
Epoch  1240: Training cost= 0.0112, Training acc= 0.7638, Validation cost= 8.6509, Validation acc= 0.1137
Epoch  1250: Training cost= 0.0109, Training acc= 0.7657, Validation cost= 8.6756, Validation acc= 0.1137
Epoch  1260: Training cost= 0.0106, Training acc= 0.7676, Validation cost= 8.7087, Validation acc= 0.1136
Epoch  1270: Training cost= 0.0104, Training acc= 0.7694, Validation cost= 8.7273, Validation acc= 0.1136
Epoch  1280: Training cost= 0.0102, Training acc= 0.7712, Validation cost= 8.7640, Validation acc= 0.1135
Epoch  1290: Training cost= 0.0102, Training acc= 0.7730, Validation cost= 8.7724, Validation acc= 0.1135
Epoch  1300: Training cost= 0.0102, Training acc= 0.7747, Validation cost= 8.8182, Validation acc= 0.1135
tm  [ 4.2 -1.   8.  -1.   2.2 -1.7 -1.1 -0.7  0.6 -0.3 -0.7 -0.1  6.  -0.5  0.1  3.4 -0.7  4.9  2.1  0.3  8.9  1.2 -1.4  2.7  6.2  5.7 -0.8 -1.2 -1.3  1.4 -0.2  2.2  4.1  0.9 11.9  3.4 -0.7 -1.5  0.6  3.4 -0.3  1.9  0.7 -0.1 -0.2  6.3  2.5  3.6 -2.   2.6  3.8  7.9 -0.6  8.8  0.2 -1.   2.6 -2.8 -1.3 -1.2 -0.2 -1.1 -1.1  0.5 -0.3  6.8  7.7 -0.6 -1.1  2.4 -1.1  0.1 -1.8  2.2  5.6 12.   5.   6.   5.9 -0.3  2.8  2.7 -1.5 -0.5 -0.1 -1.8 -0.6  3.8  5.   0.5 -0.2  0.9 -1.9  1.2  4.2  4.2 -1.5  0.4 -0.   1.7  2.3 -1.4  0.3  0.4  1.3 -0.2 -0.2  4.   5.  -2.2 -1.7  2.6 -0.7  0.   3.9  3.3 -0.8 11.8 -1.2 -1.7 -1.1  0.8  0.9  4.4 -2.  -0.  -1.1  2.4 -0.3 -0.4 -2.  -2.8 -0.3 -1.5 -0.5  7.7  1.3 -1.1 -0.3 -0.6 -0.8 -0.8 -0.5  3.9 -0.8  2.1 -0.2 -2.5  2.1  9.2  3.4 -0.4 -0.   0.4  0.9  6.7 -0.8 -1.5  7.6  0.9  5.4  0.3  8.9  5.5 -3.7 -1.2  1.3 -0.1 -0.5 -2.2  2.8 -1.4  1.4 -1.2 -0.3  6.9  0.7 -0.2 -1.6  5.8 -0.3 -0.2  1.3 -1.   4.6  0.8  4.3 -0.6  1.6 -0.9  1.3  6.1 -0.6 -0.1 -1.5 -0.4  5.7  5.6  4.6 -1.5 -0.   6.3  4.8  2.6  4.9 -1.5 -1.8 -0.1  4.9 -2.7  8.3  2.   8.5  1.8  2.4 -1.6 -0.3  0.4  5.7 -0.6  0.4  2.3  1.5 -0.6  2.9 -2.1 -1.   6.5 -0.2 -0.4 -0.1  2.3  5.9 -0.1  3.3 -1.5  3.4  6.2  6.   2.  -0.5 -1.8 -0.4  6.8  0.8 -0.2  8.6 -0.2 -0.6 -0.7 -1.1 -1.4 -2.4 -0.  -0.4 -0. ]
ty_50sample [[5 0 3 3 7 9 3 5]
 [8 8 3 2 3 6 3 6]
 [7 8 4 4 1 7 6 9]
 [5 9 4 6 5 1 3 3]
 [0 7 6 3 5 4 3 4]
 [3 6 9 3 7 1 3 7]
 [0 4 8 0 4 5 7 2]
 [3 6 1 0 2 2 5 5]
 [1 6 7 1 5 2 0 2]
 [3 5 7 6 6 9 3 3]]
tt_50sample [[5 0 3 3 7 9 3 5]
 [8 8 3 2 3 6 3 6]
 [7 8 4 4 1 7 6 9]
 [5 9 4 6 5 1 3 3]
 [0 7 6 3 5 4 3 4]
 [3 6 9 3 7 1 3 7]
 [0 4 8 0 4 5 7 2]
 [3 6 1 0 2 2 5 5]
 [1 6 7 1 5 2 0 2]
 [3 5 7 6 6 9 3 3]]
vm  [-3.4  5.  -2.1  4.5  4.7  0.8  1.  -0.2  5.9 -0.3  6.  -0.3 -0.2  2.7  3.8 -0.1 -2.5  1.1  4.3 -1.1 -0.5 -0.4 10.2 -2.6 -1.8 -0.2 -0.2  6.8 -1.5  6.1 -0.8 -1.3 -0.6 -2.6 -0.2  4.4 -0.6  5.9 -1.1  0.   0.3 -1.7 -0.5  3.9  6.9 10.6  1.9  0.7 -1.2  8.7  3.9  0.5  4.7  0.3 -1.1 -1.1  3.2  7.9 -0.3 -0.9  5.9 -0.3  0.4 -0.9 -1.9  2.5 -3.1  7.7  0.7  1.1  1.4 10.6 -0.4 -0.2  2.1 -0.1 -1.8 -2.2  1.3 -0.1  9.1 -2.9  7.2  2.8 -0.9  3.8  9.  -0.2 -0.2 -0.3  4.7 -0.2  6.3  2.6 -1.3  1.4  0.1  5.4  0.8 -1.3  9.1 -0.4  0.8 -1.4 -0.3  3.3 -2.9 -1.2  1.4  0.4  2.7  1.9 -1.5  2.7  2.7  2.4  5.8 -0.6 -0.4  3.9  0.3  5.6  5.4  4.5  5.5  6.1 -0.5 -1.5  7.4  3.   6.   2.7 -1.7 -0.3  4.9 -0.2  2.1 -0.3 -0.5 -0.7 10.2  8.2  0.6  0.1 -1.1 -0.7  4.9  1.2  4.  -0.4 -1.8  0.8  0.   2.1  5.2 -1.3 -1.1  5.1  4.8 -0.6 -1.2 -0.4  6.6  1.2 11.5 -0.9 -1.2 -0.2  0.5  5.6 -1.  -2.4 -1.7 -0.9  0.8 -1.1 -1.3 -0.9 -0.2  5.5  4.3  3.6  5.7  5.1 -0.  -0.9  4.1  4.6  8.3 -0.1  4.5 -1.5 -0.7 -0.8 -1.1  2.6 -0.7  0.6 -1.   0.6  1.4  0.4 -0.9 -1.7 -1.9 -1.6  6.6 -0.9 -1.   6.4  8.  -1.1 -2.4 15.4  3.2 -1.2  0.3 -0.4  5.1 -0.7 -0.8  4.4 -0.5  1.8  0.7  2.7  0.7  3.5  0.6  0.9  3.1 -1.4 -1.2 -1.3 -0.3 -2.4 -1.5  1.4 -0.1 -3.   1.4 -0.3 -2.1 -1.7 -0.2 -1.4 -1.3  3.   4.8 -1.1 -0.1  0.6  2.7  2.2  0.5 -0.9]
vy_50sample [[3 3 5 1 3 3 1 3]
 [3 3 3 3 7 4 7 7]
 [3 3 3 6 3 3 3 3]
 [8 1 6 3 3 3 9 3]
 [7 0 1 5 1 1 0 1]
 [7 7 7 7 8 8 7 5]
 [4 5 5 7 7 5 7 7]
 [3 3 3 8 3 3 8 8]
 [6 6 5 4 5 5 5 5]
 [4 4 4 2 2 4 6 2]]
vt_50sample [[9 1 6 3 4 4 5 2]
 [7 7 0 3 2 9 2 6]
 [4 4 2 9 6 9 4 4]
 [5 8 2 8 6 1 4 1]
 [9 5 5 7 1 3 3 6]
 [6 5 6 6 6 7 4 7]
 [3 0 0 3 3 8 6 1]
 [2 9 6 8 3 9 5 4]
 [9 1 1 5 3 5 7 5]
 [5 2 1 3 5 3 5 4]]
Epoch  1310: Training cost= 0.0101, Training acc= 0.7765, Validation cost= 8.8222, Validation acc= 0.1134
Epoch  1320: Training cost= 0.0102, Training acc= 0.7781, Validation cost= 8.8420, Validation acc= 0.1134
Epoch  1330: Training cost= 0.0101, Training acc= 0.7798, Validation cost= 8.8856, Validation acc= 0.1133
Epoch  1340: Training cost= 0.0098, Training acc= 0.7815, Validation cost= 8.8856, Validation acc= 0.1133
Epoch  1350: Training cost= 0.0098, Training acc= 0.7831, Validation cost= 8.8917, Validation acc= 0.1133
Epoch  1360: Training cost= 0.0094, Training acc= 0.7847, Validation cost= 8.9264, Validation acc= 0.1132
Epoch  1370: Training cost= 0.0093, Training acc= 0.7862, Validation cost= 8.9682, Validation acc= 0.1132
Epoch  1380: Training cost= 0.0098, Training acc= 0.7878, Validation cost= 8.9769, Validation acc= 0.1132
Epoch  1390: Training cost= 0.0086, Training acc= 0.7893, Validation cost= 8.9755, Validation acc= 0.1131
Epoch  1400: Training cost= 0.0089, Training acc= 0.7908, Validation cost= 8.9900, Validation acc= 0.1131
tm  [ 4.  -1.2  8.5 -0.9  2.7 -1.8 -1.  -0.7  0.7 -0.3 -0.8 -0.1  6.1 -0.5 -0.   3.1 -0.7  5.1  2.3  0.3  8.7  1.2 -1.5  2.9  6.   5.9 -0.8 -1.2 -1.5  1.1 -0.1  2.   3.9  1.1 12.1  3.7 -0.8 -1.3  0.6  3.9 -0.2  1.5  0.7 -0.  -0.3  6.3  2.6  3.9 -2.1  2.9  3.3  8.5 -0.7  9.   0.2 -1.2  2.3 -2.8 -1.3 -1.3 -0.3 -1.2 -1.2  0.  -0.4  6.4  7.7 -0.5 -1.2  2.2 -1.1  0.5 -1.8  2.3  5.7 12.4  4.8  5.8  5.9 -0.3  3.1  2.9 -1.4 -0.6 -0.2 -1.8 -0.7  4.1  5.1  0.1 -0.2  0.7 -1.8  1.8  4.4  4.4 -1.4  0.4 -0.   1.9  2.4 -1.6  0.5  0.8  1.5 -0.2 -0.2  4.6  4.6 -2.3 -1.7  2.5 -0.7  0.1  3.8  3.6 -0.7 12.  -1.1 -1.7 -1.1  0.7  0.4  4.5 -2.   0.  -1.2  2.3 -0.3 -0.4 -2.  -2.8 -0.2 -1.6 -0.5  8.1  1.1 -1.2 -0.2 -0.6 -0.8 -0.9 -0.4  4.2 -0.9  2.6 -0.2 -2.5  2.1  9.4  3.2 -0.4  0.   0.6  0.9  7.1 -0.9 -1.5  7.5  0.9  5.2  0.8  9.4  5.1 -3.7 -1.3  1.1 -0.1 -0.3 -2.1  2.5 -1.5  1.  -1.2 -0.2  7.   0.7 -0.3 -1.7  5.8 -0.3 -0.3  1.3 -0.9  4.3  0.9  4.4 -0.5  1.6 -1.1  1.2  6.4 -0.6 -0.2 -1.4 -0.4  5.5  5.7  4.9 -1.6 -0.   6.4  4.9  2.6  4.8 -1.5 -1.8 -0.1  4.9 -2.8  8.8  1.8  8.3  1.6  2.2 -1.7 -0.3  0.4  6.  -0.5  0.2  2.3  1.4 -0.4  2.9 -2.1 -1.   6.3 -0.2 -0.5 -0.1  2.4  5.6  0.1  3.6 -1.6  3.4  6.4  6.   1.6 -0.5 -1.9 -0.5  7.3  0.7 -0.1  8.9 -0.  -0.6 -0.6 -1.1 -1.5 -2.4 -0.1 -0.4 -0. ]
ty_50sample [[5 0 3 3 7 9 3 5]
 [8 8 3 2 3 6 3 6]
 [7 8 4 4 1 7 6 9]
 [5 9 4 6 5 1 3 3]
 [0 7 6 3 5 4 3 4]
 [3 6 9 3 7 1 3 7]
 [0 4 8 0 4 5 7 2]
 [3 6 1 0 2 2 5 5]
 [1 6 7 1 5 2 0 2]
 [3 5 7 6 6 9 3 3]]
tt_50sample [[5 0 3 3 7 9 3 5]
 [8 8 3 2 3 6 3 6]
 [7 8 4 4 1 7 6 9]
 [5 9 4 6 5 1 3 3]
 [0 7 6 3 5 4 3 4]
 [3 6 9 3 7 1 3 7]
 [0 4 8 0 4 5 7 2]
 [3 6 1 0 2 2 5 5]
 [1 6 7 1 5 2 0 2]
 [3 5 7 6 6 9 3 3]]
vm  [-3.4  5.2 -2.2  5.   5.1  0.7  2.  -0.1  5.8 -0.2  5.8 -0.2 -0.2  3.1  4.4  0.1 -2.7  1.4  4.1 -1.1 -0.5 -0.4 10.8 -2.8 -1.9 -0.2 -0.2  6.9 -1.7  6.3 -0.7 -1.4 -0.6 -2.7 -0.2  4.7 -0.9  6.8 -1.3  0.1  0.2 -1.9 -0.7  4.4  6.6 11.   1.7  0.2 -1.2  8.9  4.3  0.5  5.5  0.1 -1.2 -1.1  2.6  8.2 -0.2 -1.   6.1 -0.2 -0.  -1.1 -2.   2.3 -3.1  8.3  0.7  1.   1.5 11.2 -0.3 -0.2  2.2 -0.2 -1.9 -2.3  1.3 -0.1  9.7 -3.   7.5  2.4 -0.9  4.1  9.4 -0.2 -0.3 -0.3  4.9 -0.3  6.6  3.3 -1.1  1.5  0.3  5.6  0.5 -1.5  9.5 -0.5  1.  -1.2 -0.4  2.6 -3.  -1.3  1.2  0.4  3.1  2.2 -1.6  2.3  2.1  2.7  5.8 -0.8 -0.5  4.4  0.4  5.9  4.8  5.1  5.9  6.1 -0.4 -1.6  7.6  2.8  6.1  3.5 -1.7 -0.3  4.7 -0.2  2.  -0.2 -0.7 -0.7 10.6  8.2  0.5  0.2 -1.2 -0.7  5.5  1.7  4.5 -0.4 -2.   0.5  0.1  2.3  5.2 -1.3 -1.3  5.5  5.1 -0.5 -1.2 -0.6  7.   0.8 11.9 -1.  -1.4 -0.2  0.8  6.6 -1.2 -2.5 -1.7 -0.9  1.2 -1.1 -1.2 -0.9 -0.1  6.   4.1  2.9  6.   5.6  0.2 -0.8  4.8  4.7  9.2 -0.2  4.9 -1.6 -0.8 -0.9 -1.2  3.1 -0.8  0.3 -1.   0.5  1.7  0.7 -0.9 -1.7 -2.  -1.6  7.  -0.8 -1.2  7.1  8.3 -1.1 -2.5 15.9  3.2 -1.4  0.5 -0.5  5.3 -0.6 -1.   4.5 -0.4  2.2  0.9  3.1  0.6  3.6  1.1  0.4  2.8 -1.5 -1.4 -1.3 -0.2 -2.8 -1.5  1.4 -0.4 -3.   1.  -0.2 -2.  -2.  -0.2 -1.6 -1.3  2.8  4.7 -1.1 -0.2  0.5  3.   2.3  0.5 -0.7]
vy_50sample [[3 3 3 3 3 3 1 3]
 [3 3 0 3 7 6 3 7]
 [3 3 3 6 3 3 3 3]
 [8 1 6 3 3 3 9 3]
 [7 0 1 5 1 1 0 1]
 [7 7 7 7 8 7 7 5]
 [7 6 5 7 7 5 7 7]
 [3 3 3 8 3 3 8 8]
 [6 6 6 4 5 5 5 5]
 [4 4 4 2 2 4 6 2]]
vt_50sample [[9 1 6 3 4 4 5 2]
 [7 7 0 3 2 9 2 6]
 [4 4 2 9 6 9 4 4]
 [5 8 2 8 6 1 4 1]
 [9 5 5 7 1 3 3 6]
 [6 5 6 6 6 7 4 7]
 [3 0 0 3 3 8 6 1]
 [2 9 6 8 3 9 5 4]
 [9 1 1 5 3 5 7 5]
 [5 2 1 3 5 3 5 4]]
Epoch  1410: Training cost= 0.0091, Training acc= 0.7923, Validation cost= 9.0119, Validation acc= 0.1131
Epoch  1420: Training cost= 0.0083, Training acc= 0.7938, Validation cost= 9.0388, Validation acc= 0.1130
Epoch  1430: Training cost= 0.0076, Training acc= 0.7952, Validation cost= 9.0672, Validation acc= 0.1130
Epoch  1440: Training cost= 0.0072, Training acc= 0.7966, Validation cost= 9.0941, Validation acc= 0.1130
Epoch  1450: Training cost= 0.0070, Training acc= 0.7980, Validation cost= 9.1169, Validation acc= 0.1129
Epoch  1460: Training cost= 0.0067, Training acc= 0.7994, Validation cost= 9.1387, Validation acc= 0.1129
Epoch  1470: Training cost= 0.0065, Training acc= 0.8008, Validation cost= 9.1592, Validation acc= 0.1129
