Epoch    10: Training cost= 2.4504, Training acc= 0.1042, Validation cost= 2.4354, Validation acc= 0.0977
Epoch    20: Training cost= 2.2938, Training acc= 0.1112, Validation cost= 2.3296, Validation acc= 0.1018
Epoch    30: Training cost= 2.2723, Training acc= 0.1188, Validation cost= 2.3200, Validation acc= 0.1037
Epoch    40: Training cost= 2.2467, Training acc= 0.1283, Validation cost= 2.3117, Validation acc= 0.1065
Epoch    50: Training cost= 2.2048, Training acc= 0.1387, Validation cost= 2.2810, Validation acc= 0.1100
Epoch    60: Training cost= 2.1870, Training acc= 0.1484, Validation cost= 2.2721, Validation acc= 0.1142
Epoch    70: Training cost= 2.2275, Training acc= 0.1562, Validation cost= 2.2894, Validation acc= 0.1172
Epoch    80: Training cost= 2.2054, Training acc= 0.1616, Validation cost= 2.3134, Validation acc= 0.1177
Epoch    90: Training cost= 2.1975, Training acc= 0.1674, Validation cost= 2.3108, Validation acc= 0.1189
Epoch   100: Training cost= 2.1276, Training acc= 0.1730, Validation cost= 2.3134, Validation acc= 0.1195
tm  [-0.3 -0.1 -0.2  0.3  1.  -0.2 -0.1 -0.3  0.8 -0.1  1.5 -0.3 -0.3 -1.   0.3 -0.2 -0.7  1.2 -0.1 -0.5  1.1 -0.3 -0.1 -0.  -0.4  1.1 -0.2 -0.3 -0.2 -0.5 -0.  -0.1  1.5  0.5  1.4 -0.  -0.  -0.6 -0.4  0.   0.6  0.6 -0.3  0.9 -0.1  0.9 -0.1  0.7  2.1  0.5 -0.3  1.9  0.2  1.4 -0.2 -0.7 -0.  -0.6 -0.4 -0.1  0.3 -0.2 -0.3 -0.  -0.5  0.1 -0.   0.5 -0.6  0.  -0.5 -0.   2.4 -0.2  1.2  0.9  1.   1.7  0.7 -0.2  0.2 -0.2  1.  -0.7  0.3 -0.1  0.2 -0.6  1.  -0.1  0.8 -0.3  1.1  1.2 -0.5  1.3 -0.2 -0.2  2.4  0.8 -0.6 -0.8 -0.1 -0.1  0.8 -0.4 -0.7 -0.2  0.8  0.2  1.   0.8 -0.6  0.2  0.3  0.3 -0.3 -0.  -0.1  1.7 -0.4 -0.2 -0.   1.9 -0.3  1.8 -0.4  0.3 -0.3  0.5  0.6 -0.3 -0.  -0.4 -0.3 -0.7 -1.  -0.5  0.2 -0.8 -0.2 -0.  -0.3 -0.2 -0.4 -0.2 -0.2 -0.9 -0.  -0.3 -0.1 -0.6 -0.3  0.6  0.8 -0.3 -0.7 -0.4  1.2 -0.5 -0.2  0.3  1.  -0.  -0.3 -0.6 -0.3  0.7 -0.7 -0.2 -0.2 -0.2 -0.3 -0.1 -0.6  0.2 -0.1  1.3 -0.8  0.7  1.6 -0.2  0.2  0.1 -0.2  0.1  0.6 -0.7 -0.  -0.2 -0.4  0.9 -0.1 -0.  -0.2 -0.3 -0.1 -0.3 -0.   0.5 -0.2  0.5  1.3  0.4  0.2 -0.3 -0.9  0.1  0.2  0.1  1.2  1.5  0.6 -0.1 -0.3  0.6 -0.1  0.2  0.9  1.4 -0.   0.5  0.1 -0.   0.9  1.7  0.2 -0.4  0.5 -0.8  0.4 -0.5 -0.4 -0.   0.5 -0.7  0.3 -0.9 -0.  -0.  -0.4 -0.3 -0.   0.2 -0.   2.2 -0.2 -0.3 -0.1 -0.6 -0.1 -0.7 -0.4 -0.1 -0.6 -0.1]
ty_50sample [[3 3 3 3 3 3 3]
 [6 2 6 3 3 3 3]
 [6 3 3 6 6 3 6]
 [4 6 4 7 7 6 6]
 [6 9 9 7 9 4 9]
 [6 3 3 3 6 3 6]
 [1 1 1 1 0 1 1]
 [1 3 1 1 1 1 1]
 [0 3 3 1 0 0 2]
 [6 6 6 2 5 6 6]]
tt_50sample [[5 0 3 3 7 9 3]
 [6 5 3 1 8 0 4]
 [4 1 3 3 9 2 5]
 [7 2 3 9 7 6 6]
 [4 9 9 5 4 4 9]
 [6 3 4 4 3 6 5]
 [2 1 0 1 0 1 1]
 [9 2 1 0 1 6 3]
 [7 3 6 1 0 2 2]
 [6 2 6 9 5 3 7]]
vm  [-0.3 -0.1 -0.3  0.   0.5  0.   0.2 -0.1 -0.1  0.8  0.7  0.5 -0.2 -0.5  1.2 -0.2  0.4  0.9  0.4 -0.3  1.6  0.6 -0.1 -0.4 -0.4  0.6  0.3  0.6  0.1 -0.2  0.5  0.2  0.9 -0.3  0.1  1.   0.3 -0.4 -0.4 -0.3 -0.1  0.5 -0.1  0.1  0.2  1.1  0.6  1.7  0.5  0.2  0.9  1.6  0.9  1.  -0.  -0.4 -0.2 -0.3 -0.3 -0.1  0.6 -0.3 -0.   0.1 -0.2  0.5  0.   0.6 -0.5 -0.4 -0.2  0.8 -0.1 -0.2  1.7 -0.2  0.8  0.   0.9  0.3  1.7  0.4 -0.1 -0.4 -0.2 -0.   0.6 -0.3  1.4 -0.1 -0.  -0.1 -0.  -0.  -0.  -0.4 -0.1  0.1  1.2  0.7  0.4 -0.6 -0.  -0.1  0.2 -0.5 -0.6  0.3 -0.  -0.1  1.2 -0.1 -0.7 -0.2  1.1  0.4  0.3 -0.3 -0.3  0.1 -0.1  0.7  1.   0.5  0.3  1.3 -0.3  0.5 -0.3  0.   0.9 -0.2 -0.1 -0.   0.3 -0.  -0.6 -0.2 -0.7 -0.3  0.2 -0.1 -0.1 -0.3 -0.7 -0.2 -0.2 -0.5  0.2 -0.2  0.4  0.1 -0.2 -0.2 -0.  -0.6 -0.6 -0.5 -0.1 -0.2 -0.4 -0.1 -0.3  1.   0.9  0.4 -0.4  0.1 -0.7 -0.2 -0.2  0.3 -0.3 -0.3 -0.4 -0.  -0.1  0.3 -0.4  1.1 -0.1 -0.4  1.8  1.5 -0.  -0.   0.5 -0.4  1.3 -0.  -0.1 -0.3 -0.3 -0.1  0.2 -0.   0.  -0.3  1.   0.3  0.4 -0.1  1.5  1.3  1.1 -0.3 -0.1 -0.2 -0.   0.4  2.9 -0.1 -0.1 -0.3 -0.3  1.1  0.6  0.   0.2  1.2 -0.3 -0.1 -0.2 -0.2  0.5  0.4  0.8 -0.4  1.5 -0.3 -0.1  0.5 -0.  -0.  -0.2 -0.8 -0.1 -0.4 -0.1  0.9 -0.5 -0.   0.2  2.1  0.1  1.1 -0.7  0.2 -0.1 -0.1 -0.4 -0.7 -0.3 -0.2  0.2 -0.1]
vy_50sample [[1 8 4 6 0 6 1]
 [3 0 1 0 3 0 0]
 [0 6 3 1 3 5 3]
 [6 6 9 6 9 9 6]
 [1 1 1 0 1 1 1]
 [6 3 5 0 7 5 0]
 [6 2 6 6 6 6 6]
 [0 0 0 7 5 0 7]
 [6 0 4 2 3 3 3]
 [0 3 0 0 0 0 1]]
vt_50sample [[8 9 1 4 7 3 7]
 [6 2 6 0 9 6 2]
 [1 0 9 7 4 8 4]
 [9 8 7 7 6 8 8]
 [2 1 0 4 2 6 5]
 [1 7 3 6 6 8 0]
 [4 7 5 3 9 4 7]
 [7 3 1 0 0 7 4]
 [0 7 9 9 5 8 2]
 [6 0 5 7 1 3 5]]
Epoch   110: Training cost= 2.1229, Training acc= 0.1793, Validation cost= 2.3256, Validation acc= 0.1208
Epoch   120: Training cost= 2.0776, Training acc= 0.1858, Validation cost= 2.3264, Validation acc= 0.1216
Epoch   130: Training cost= 2.0501, Training acc= 0.1922, Validation cost= 2.3421, Validation acc= 0.1224
Epoch   140: Training cost= 1.9895, Training acc= 0.1992, Validation cost= 2.3520, Validation acc= 0.1231
Epoch   150: Training cost= 1.9167, Training acc= 0.2064, Validation cost= 2.3657, Validation acc= 0.1239
Epoch   160: Training cost= 1.8535, Training acc= 0.2140, Validation cost= 2.4087, Validation acc= 0.1246
Epoch   170: Training cost= 1.7935, Training acc= 0.2219, Validation cost= 2.4346, Validation acc= 0.1251
Epoch   180: Training cost= 1.7656, Training acc= 0.2300, Validation cost= 2.5801, Validation acc= 0.1255
Epoch   190: Training cost= 1.7455, Training acc= 0.2362, Validation cost= 2.5194, Validation acc= 0.1254
Epoch   200: Training cost= 1.6697, Training acc= 0.2435, Validation cost= 2.5761, Validation acc= 0.1256
tm  [-0.2  0.2  0.2  1.   1.2 -0.4 -0.1 -0.1  1.7  0.8  1.  -0.3  0.1 -0.9  1.  -0.  -0.9  0.7 -0.  -0.5  1.4 -0.9  0.2  1.  -0.3  1.3 -0.3 -0.6 -0.3 -0.7  0.7 -0.2  3.   0.4  2.3 -0.   0.4 -0.9 -0.3 -0.   1.6  1.   0.   2.1 -0.1  0.7 -0.2  0.7  3.3  0.3 -0.9  2.4  0.4  1.4  0.5 -0.7 -0.  -0.8 -0.4  0.2  0.9  0.3 -0.3 -0.  -0.5  1.3  1.2  0.7 -0.5  1.3 -0.5 -0.5  3.5 -0.1  1.6  1.5  1.   2.8  0.9 -0.2  0.2 -0.1  0.7 -0.4  0.1  0.1  0.5 -0.6 -0.1  0.1  1.  -0.2  2.8  1.9 -0.5  1.8 -0.2 -0.1  2.7  0.6 -0.8 -0.7  0.1  0.6  0.8 -0.2 -0.4  0.2  1.2  0.4  0.7  1.1 -0.7  1.3  0.5  0.7 -0.5 -0.  -0.1  1.9 -0.6 -0.2 -0.1  2.3 -0.2  1.8 -0.3  0.5 -0.1  0.3  2.3 -0.2 -0.  -0.6 -0.2 -0.4 -0.8 -0.7 -0.1 -0.6 -0.  -0.2 -0.2  0.2 -0.4 -0.1 -0.5 -0.5 -0.1 -0.4 -0.3 -0.6 -0.2  2.1  0.3 -0.5 -0.6 -0.2  1.1 -0.3 -0.1  0.1  1.6 -0.3 -0.5 -0.5 -0.1  0.8 -0.8 -0.3 -0.3 -0.1  0.2  2.3 -0.4  0.   0.2  1.3 -0.7 -0.   1.6 -0.3  0.   0.3 -0.3  0.7  1.2 -0.7  0.4 -0.2 -0.4  1.8  0.5  0.1 -0.2 -0.2  0.4 -0.2  0.7  1.6  0.2  1.   1.1  0.7  1.9 -0.  -0.7  1.1  0.3  1.3  0.8  2.2  0.6 -0.2 -0.4  0.2  0.1  0.7  0.9  0.7  0.7  0.7 -0.   0.6  2.9  1.4  0.7 -0.6  1.3 -0.8  0.1 -0.9 -0.2  1.1 -0.2 -0.8  0.7 -0.7  0.2  0.8 -0.6 -0.3  0.4 -0.  -0.2  2.   0.1 -0.2  0.3 -0.5  0.1 -0.7 -0.2  0.7 -0.9 -0. ]
ty_50sample [[3 3 3 3 3 3 3]
 [8 8 8 3 3 6 3]
 [3 3 3 3 3 2 3]
 [7 6 7 6 7 6 6]
 [6 9 9 4 4 4 9]
 [6 3 3 3 6 6 6]
 [1 1 1 1 0 1 1]
 [6 2 1 2 1 6 1]
 [2 1 1 1 2 2 2]
 [6 6 6 2 6 6 6]]
tt_50sample [[5 0 3 3 7 9 3]
 [6 5 3 1 8 0 4]
 [4 1 3 3 9 2 5]
 [7 2 3 9 7 6 6]
 [4 9 9 5 4 4 9]
 [6 3 4 4 3 6 5]
 [2 1 0 1 0 1 1]
 [9 2 1 0 1 6 3]
 [7 3 6 1 0 2 2]
 [6 2 6 9 5 3 7]]
vm  [-0.6 -0.1 -0.   0.3  1.4 -0.4  0.4 -0.   0.1  2.1 -0.   1.7 -0.1 -0.5  1.2 -0.2  0.8  1.6 -0.1 -0.4  1.   0.4  0.2 -0.2 -0.4  0.6  0.9  1.   0.   0.4  1.2  0.3  1.5 -0.3 -0.1  2.   0.2 -0.3 -0.2 -0.3 -0.   2.1 -0.4  0.7  1.3  1.7  1.8  2.2  1.   0.3  0.8  2.   1.1  1.2 -0.1 -0.3 -0.2 -0.1  0.4 -0.3  0.4  0.   0.  -0.3 -0.4  1.3 -0.1  1.  -0.4 -0.3 -0.2  1.3  0.3 -0.2  2.4 -0.1  1.6 -0.1  1.6  0.7  1.7  0.2  0.3 -0.3 -0.3  0.2  0.3 -0.2  1.3 -0.2  0.1 -0.2 -0.3  0.3 -0.2 -0.1 -0.2  0.8  1.  -0.1  1.1 -1.1 -0.2 -0.3  1.  -0.5 -0.4  0.4 -0.3  0.9  1.5 -0.2 -0.5 -0.2  0.8  0.8  1.5 -0.4 -0.1  0.6 -0.4  1.5  1.2  0.2  1.5  1.4 -0.1  1.8 -0.2  0.4  2.  -0.1  0.   0.5  0.4  0.7 -0.6 -0.1 -0.9 -0.2  0.3 -0.1  0.9 -0.  -0.3 -0.1 -0.1 -0.1  1.2 -0.6  0.8  0.4 -0.   0.8 -0.1 -0.6 -0.7 -0.6 -0.2  0.2 -0.3 -0.  -0.2 -0.1  1.9  0.6 -0.4  0.9 -0.7 -0.5 -0.3 -0.1 -0.4  0.2 -0.5  0.6 -0.2  0.1 -0.5  0.9  0.3 -0.6  2.9  2.8  0.4  0.2  0.9 -0.4  1.5 -0.3  0.8 -0.2 -0.2  0.3  1.3  0.   1.  -0.1  1.7 -0.   1.4  0.2  2.6  2.5  1.8 -0.2  0.7 -0.3  0.3  0.8  4.1 -0.1  0.4 -0.4 -0.4  2.1  1.4  1.1  0.8  2.3 -0.3 -0.2 -0.1 -0.1 -0.   0.   1.8 -0.4  2.5 -0.1 -0.2  0.9  0.6 -0.  -0.4 -0.8 -0.3 -0.3 -0.4  1.7 -0.5  0.6  0.   3.1 -0.1  0.1 -0.8  0.6 -0.   1.  -0.4 -0.5 -0.1 -0.3  0.3  0.8]
vy_50sample [[1 8 4 8 8 8 8]
 [3 7 7 5 7 0 5]
 [9 9 2 9 2 5 9]
 [6 6 6 6 6 6 6]
 [0 0 1 0 1 0 1]
 [4 3 5 3 9 5 3]
 [6 2 6 6 6 6 6]
 [3 8 3 2 0 0 8]
 [6 6 6 6 6 8 9]
 [0 4 0 0 0 0 4]]
vt_50sample [[8 9 1 4 7 3 7]
 [6 2 6 0 9 6 2]
 [1 0 9 7 4 8 4]
 [9 8 7 7 6 8 8]
 [2 1 0 4 2 6 5]
 [1 7 3 6 6 8 0]
 [4 7 5 3 9 4 7]
 [7 3 1 0 0 7 4]
 [0 7 9 9 5 8 2]
 [6 0 5 7 1 3 5]]
Epoch   210: Training cost= 1.5903, Training acc= 0.2514, Validation cost= 2.6149, Validation acc= 0.1257
Epoch   220: Training cost= 1.5911, Training acc= 0.2593, Validation cost= 2.6745, Validation acc= 0.1258
Epoch   230: Training cost= 1.5320, Training acc= 0.2668, Validation cost= 2.7211, Validation acc= 0.1259
Epoch   240: Training cost= 1.5132, Training acc= 0.2743, Validation cost= 2.7927, Validation acc= 0.1258
Epoch   250: Training cost= 1.4113, Training acc= 0.2818, Validation cost= 2.8999, Validation acc= 0.1258
Epoch   260: Training cost= 1.3908, Training acc= 0.2894, Validation cost= 2.9582, Validation acc= 0.1258
Epoch   270: Training cost= 1.4690, Training acc= 0.2961, Validation cost= 2.9427, Validation acc= 0.1258
Epoch   280: Training cost= 1.3331, Training acc= 0.3033, Validation cost= 2.9687, Validation acc= 0.1258
Epoch   290: Training cost= 1.2683, Training acc= 0.3114, Validation cost= 3.0686, Validation acc= 0.1258
Epoch   300: Training cost= 1.2415, Training acc= 0.3194, Validation cost= 3.1611, Validation acc= 0.1258
tm  [-0.2  0.3  0.6  1.8  2.2 -0.3  0.4 -0.   1.9  1.1  0.3 -0.2  0.6 -0.8  1.5  0.8 -1.3  1.3 -0.2 -0.6  1.3 -1.3  0.4  1.9 -0.3  1.5 -0.2 -0.9 -0.4 -0.8  1.7 -0.2  3.5  1.   2.4  0.3  0.9 -0.8 -0.4  0.1  1.6  0.8 -0.1  3.2 -0.1  1.4 -0.2 -0.   4.1  0.4 -1.2  2.7  0.4  1.   1.1 -0.7  0.  -0.8 -0.2  0.1  1.5  0.6 -0.4 -0.3 -0.7  1.3  0.5  1.2 -0.5  1.6 -0.6 -0.7  4.  -0.1  1.7  1.6  1.5  3.3  0.5 -0.1  0.4 -0.1  0.8 -0.5 -0.  -0.1 -0.1 -0.7 -0.3  0.   1.1 -0.2  4.1  2.9 -0.5  2.2 -0.4 -0.1  2.3  0.9 -1.  -0.8  0.4  1.4  0.6 -0.2 -0.2  1.1  1.5  0.8  0.3  1.7 -0.5  1.4  0.5  1.  -0.4 -0.1  0.6  2.3 -0.9 -0.3 -0.4  2.6 -0.3  1.4 -0.4  0.7  0.2  0.5  3.3 -0.1  0.5 -0.8 -0.  -0.5 -1.3 -0.7 -0.  -0.6  0.9 -0.6 -0.2  0.4 -0.4 -0.  -0.7 -0.4 -0.1 -0.5 -0.6 -0.7 -0.   2.5  0.4 -0.7 -0.6 -0.2  1.1 -0.3 -0.2 -0.1  1.6 -0.7 -0.7 -0.4 -0.   1.3 -0.9 -0.5 -0.5 -0.2  1.6  4.1 -0.2 -0.2  0.6  1.3 -0.6  0.1  1.5 -0.5  0.3  0.2 -0.3  0.8  1.9 -0.9  0.5 -0.3 -0.3  2.2  1.2 -0.1 -0.2 -0.3  0.3 -0.2  1.4  2.3  0.4  2.2  0.9  1.4  2.9  0.2 -0.7  2.2  0.5  2.3  0.6  3.   0.4 -0.3 -0.6  0.2 -0.1  1.2  1.   1.   0.8  0.8  0.5  1.8  4.   1.7  1.  -0.8  1.8 -0.4 -0.2 -1.1 -0.3  1.9 -0.2 -1.   0.7 -0.6 -0.1  1.2 -0.7 -0.4  1.5 -0.1 -0.4  2.   0.8 -0.3  0.4 -0.3 -0.  -0.6 -0.2  1.2 -0.8  0.3]
ty_50sample [[7 3 3 3 3 9 3]
 [5 5 8 6 4 6 3]
 [4 3 3 3 5 9 9]
 [7 6 7 6 7 6 6]
 [4 4 9 4 4 4 9]
 [6 4 4 4 6 6 6]
 [1 1 0 1 0 1 1]
 [9 2 1 3 1 1 1]
 [0 3 6 1 2 2 2]
 [6 6 6 2 6 3 6]]
tt_50sample [[5 0 3 3 7 9 3]
 [6 5 3 1 8 0 4]
 [4 1 3 3 9 2 5]
 [7 2 3 9 7 6 6]
 [4 9 9 5 4 4 9]
 [6 3 4 4 3 6 5]
 [2 1 0 1 0 1 1]
 [9 2 1 0 1 6 3]
 [7 3 6 1 0 2 2]
 [6 2 6 9 5 3 7]]
vm  [-0.7 -0.1  0.1  0.5  1.9 -0.6  0.5  0.5  0.6  2.8 -0.2  2.6  0.5 -0.5  1.1 -0.3  0.8  3.2 -0.3 -0.4  0.2 -0.2  0.6  0.2 -0.4  0.7  0.7  0.9 -0.1  1.   0.9  1.   2.2 -0.3 -0.2  2.7  0.8 -0.2 -0.  -0.3  1.   2.9 -0.4  1.3  1.9  2.8  2.4  2.4  1.3  0.3  0.4  1.9  1.   1.3 -0.  -0.2  0.   0.4  0.1 -0.4  1.2  1.2  0.  -0.6 -0.7  1.3 -0.1  1.1 -0.4 -0.3 -0.3  1.3 -0.  -0.2  2.9 -0.3  2.1 -0.3  2.   0.1  1.4  0.3  1.  -0.2 -0.4  0.5 -0.1 -0.2  1.  -0.   0.4 -0.3 -0.4  0.4 -0.4 -0.  -0.2  1.3  1.5 -0.3  1.6 -1.2 -0.4 -0.5  0.8 -0.4 -0.3  0.6 -0.5  2.3  2.4 -0.3 -0.6 -0.3  0.7  0.3  2.  -0.5  0.1  1.4 -0.4  2.3  1.3  1.   1.7  2.2 -0.2  3.1 -0.2  0.9  2.8 -0.2  0.5  0.6  0.4  0.2 -0.4 -0.1 -1.  -0.3 -0.  -0.1  1.2 -0.  -0.1 -0.1  0.1  0.   1.9 -0.8  0.6  0.6  0.1  1.8 -0.1 -0.7 -0.7 -0.8 -0.2  1.2 -0.5 -0.3 -0.  -0.2  2.3  0.9 -0.6  1.3 -0.7 -0.7 -0.5 -0.  -0.4  1.1 -0.4  0.2 -0.2  0.1 -0.5  0.7  0.3 -0.9  3.5  4.2  0.4 -0.2  0.6 -0.3  1.  -0.5  1.1 -0.1 -0.2  0.   2.7  0.1  1.1 -0.   2.3  0.5  2.1  0.2  4.   2.5  1.8  0.3  1.2 -0.4  0.3  1.5  5.   0.2  0.7 -0.5 -0.2  2.5  1.5  1.2  0.7  3.3 -0.6 -0.5 -0.2 -0.3 -0.3  0.2  2.5 -0.5  2.3  0.1 -0.4  1.7  0.1  0.3 -0.6 -1.1 -0.6 -0.3 -0.3  2.  -0.2  0.5  0.3  4.1 -0.1 -0.  -1.2  0.5  0.5  2.3 -0.3 -0.4 -0.  -0.4  0.2  1.9]
vy_50sample [[8 8 4 8 8 8 8]
 [7 7 7 5 7 7 5]
 [9 9 5 9 9 5 9]
 [6 6 6 6 6 6 6]
 [0 3 3 0 3 3 3]
 [4 3 5 3 9 9 3]
 [6 6 6 6 1 3 7]
 [3 8 3 3 3 0 8]
 [9 9 9 9 9 9 9]
 [4 4 4 4 3 4 4]]
vt_50sample [[8 9 1 4 7 3 7]
 [6 2 6 0 9 6 2]
 [1 0 9 7 4 8 4]
 [9 8 7 7 6 8 8]
 [2 1 0 4 2 6 5]
 [1 7 3 6 6 8 0]
 [4 7 5 3 9 4 7]
 [7 3 1 0 0 7 4]
 [0 7 9 9 5 8 2]
 [6 0 5 7 1 3 5]]
Epoch   310: Training cost= 1.1748, Training acc= 0.3276, Validation cost= 3.2436, Validation acc= 0.1258
Epoch   320: Training cost= 1.1517, Training acc= 0.3356, Validation cost= 3.3399, Validation acc= 0.1256
Epoch   330: Training cost= 1.1160, Training acc= 0.3432, Validation cost= 3.3720, Validation acc= 0.1255
Epoch   340: Training cost= 1.0386, Training acc= 0.3520, Validation cost= 3.4777, Validation acc= 0.1255
Epoch   350: Training cost= 0.9786, Training acc= 0.3616, Validation cost= 3.6040, Validation acc= 0.1254
Epoch   360: Training cost= 0.9208, Training acc= 0.3715, Validation cost= 3.7553, Validation acc= 0.1254
Epoch   370: Training cost= 0.9744, Training acc= 0.3797, Validation cost= 3.8643, Validation acc= 0.1253
Epoch   380: Training cost= 1.0440, Training acc= 0.3859, Validation cost= 3.7859, Validation acc= 0.1250
Epoch   390: Training cost= 0.9039, Training acc= 0.3930, Validation cost= 3.7251, Validation acc= 0.1249
Epoch   400: Training cost= 0.8406, Training acc= 0.4014, Validation cost= 3.7893, Validation acc= 0.1248
tm  [-0.2  0.7  0.7  2.4  2.7 -0.3 -0.1  0.8  2.1  0.7  0.4 -0.2  1.2 -0.7  2.1  1.1 -1.7  1.5 -0.2 -0.7  2.2 -1.8  1.   2.4 -0.2  1.3 -0.2 -1.5 -0.5 -1.   2.  -0.3  4.4  1.2  2.6  0.1  1.6 -0.9 -0.4  0.1  1.4  0.7 -0.3  3.5 -0.   1.8 -0.3 -0.3  5.   0.1 -1.3  2.4  0.6  0.6  1.3 -0.9 -0.1 -1.  -0.2  0.6  2.2  0.8 -0.3 -0.5 -0.8  1.   0.8  1.2 -0.4  1.9 -0.8 -0.9  4.  -0.2  2.3  1.5  1.7  3.6  1.1 -0.1 -0.1 -0.1  0.8 -0.4  0.2 -0.2 -0.1 -0.8 -0.3  0.   1.3 -0.4  5.1  2.8 -0.6  2.6 -0.7 -0.3  2.4  1.2 -1.3 -0.8  0.3  1.6  0.5 -0.1 -0.   1.6  2.5  0.9 -0.1  1.7 -0.3  1.7  0.6  1.3 -0.7 -0.1  0.1  2.7 -1.1 -0.5 -0.5  2.3 -0.6  1.1 -0.3  1.8  0.5 -0.1  3.7 -0.3  0.9 -0.9  0.  -0.5 -1.4 -0.6  0.3 -0.7  1.2 -0.7 -0.3  0.9 -0.5 -0.4 -1.  -0.5 -0.3 -0.7 -0.7 -0.7 -0.   2.6 -0.  -0.9 -0.7 -0.4  1.4 -0.3 -0.6 -0.3  1.9 -1.  -1.1 -0.4 -0.1  1.8 -1.  -0.7 -0.7 -0.1  2.5  4.7 -0.2 -0.2  0.6  2.4 -0.7 -0.   2.1 -0.8  0.1 -0.1 -0.2  0.5  2.3 -1.  -0.1 -0.4 -0.6  2.5  1.3 -0.4 -0.1 -0.4  0.7 -0.2  1.5  3.4 -0.1  2.6  0.8  1.5  3.7  0.9 -0.6  2.8  0.6  2.5  0.4  4.3  0.5 -0.1 -0.7  0.5 -0.4  1.3  1.2  0.8  1.   0.8  0.7  2.1  5.3  1.8  0.8 -0.7  1.9 -0.1 -0.2 -1.2 -0.3  2.8 -0.5 -1.2  0.9 -0.6 -0.3  1.4 -0.7 -0.4  1.7 -0.2 -0.7  1.9  1.3 -0.5  0.9 -0.4 -0.1 -0.5 -0.1  1.5 -0.7  1. ]
ty_50sample [[5 0 3 3 3 9 3]
 [6 5 8 6 8 0 3]
 [4 1 3 3 5 2 1]
 [7 6 3 6 7 6 6]
 [4 4 9 5 4 4 9]
 [6 3 4 4 6 6 5]
 [2 1 0 1 0 1 1]
 [9 2 1 0 1 1 1]
 [0 3 6 1 0 2 2]
 [6 6 6 9 5 3 7]]
tt_50sample [[5 0 3 3 7 9 3]
 [6 5 3 1 8 0 4]
 [4 1 3 3 9 2 5]
 [7 2 3 9 7 6 6]
 [4 9 9 5 4 4 9]
 [6 3 4 4 3 6 5]
 [2 1 0 1 0 1 1]
 [9 2 1 0 1 6 3]
 [7 3 6 1 0 2 2]
 [6 2 6 9 5 3 7]]
vm  [-0.8 -0.2  0.2  1.   1.5 -0.7 -0.   2.2  0.3  3.5 -0.1  3.6  0.9 -0.6  1.9 -0.5  0.7  4.  -0.3 -0.7  0.4 -0.3  1.7  0.6 -0.7  0.8  0.7  2.2  0.6  1.8 -0.4  1.4  1.5 -0.4 -0.4  2.2  1.7 -0.4  1.3 -0.5  0.6  4.2 -0.3  1.4  2.4  3.2  3.1  3.   0.6  0.4 -0.1  0.7 -0.1  0.9 -0.1 -0.4  0.3  0.8  0.2 -0.3  1.6  2.1  0.2 -0.5 -1.   1.2 -0.1  0.2 -0.3 -0.4 -0.5  2.6 -0.2 -0.3  3.7 -0.5  0.6 -0.3  2.7  0.2  0.7  0.8  0.8  0.8 -0.5  0.7 -0.   0.2  1.5  0.6 -0.1 -0.3 -0.4 -0.4 -0.8 -0.1 -0.7  1.6  3.1 -0.6  1.4 -1.2 -0.8 -1.1  1.3 -0.3 -0.2 -0.2 -0.2  2.7  2.1 -0.5 -0.6 -0.1  1.6  1.   1.1 -0.5  1.6  1.1 -0.2  3.1  3.4  2.2  0.6  3.2 -0.2  3.4 -0.3  1.6  2.6 -0.6  0.7  1.   0.4  0.4  0.2 -0.  -1.  -0.3 -0.3 -0.1  1.7 -0.1 -0.2 -0.5 -0.1  0.2  1.7 -0.8  2.4  0.8 -0.5  3.6  0.2 -1.  -0.7 -0.9  0.3  2.3 -0.9 -0.6  0.  -0.1  2.5  0.8 -0.8  1.8 -0.6 -1.2 -0.5  0.5 -0.8  1.6 -0.4 -0.1 -0.2  0.7 -0.2  0.4  1.  -1.1  4.   5.1  1.3 -0.5 -0.   0.3 -0.1 -0.4  1.2 -0.3 -0.2 -0.2  3.9  0.5  1.3  1.   3.   0.8  2.2 -0.1  5.1  1.6  2.3  0.7  0.9 -0.3 -0.4  1.2  4.9  0.2  2.  -0.5 -0.4  3.9  1.4  1.   1.   3.9 -0.5 -0.5 -0.1 -0.4 -0.4 -0.3  3.2 -0.6  1.8 -0.  -0.2  1.6  1.3  0.6 -0.8 -1.1 -1.  -0.4 -0.   1.4 -0.1  0.6 -0.1  5.7 -0.3 -0.2 -1.4 -0.   1.2  3.3 -0.3 -0.   1.7 -0.5  0.   3. ]
vy_50sample [[8 8 2 8 8 8 8]
 [7 7 7 3 1 7 7]
 [9 3 5 1 3 5 9]
 [6 6 6 6 6 6 6]
 [0 3 3 0 1 3 3]
 [2 3 9 3 9 9 3]
 [6 6 3 6 1 3 6]
 [3 8 3 3 3 0 8]
 [5 0 5 9 1 9 9]
 [3 4 4 4 3 4 4]]
vt_50sample [[8 9 1 4 7 3 7]
 [6 2 6 0 9 6 2]
 [1 0 9 7 4 8 4]
 [9 8 7 7 6 8 8]
 [2 1 0 4 2 6 5]
 [1 7 3 6 6 8 0]
 [4 7 5 3 9 4 7]
 [7 3 1 0 0 7 4]
 [0 7 9 9 5 8 2]
 [6 0 5 7 1 3 5]]
Epoch   410: Training cost= 0.8092, Training acc= 0.4103, Validation cost= 3.8930, Validation acc= 0.1246
Epoch   420: Training cost= 0.7796, Training acc= 0.4191, Validation cost= 4.0537, Validation acc= 0.1245
Epoch   430: Training cost= 0.7176, Training acc= 0.4281, Validation cost= 4.1794, Validation acc= 0.1243
Epoch   440: Training cost= 0.6709, Training acc= 0.4374, Validation cost= 4.3380, Validation acc= 0.1242
Epoch   450: Training cost= 0.6354, Training acc= 0.4462, Validation cost= 4.4541, Validation acc= 0.1241
Epoch   460: Training cost= 0.5761, Training acc= 0.4552, Validation cost= 4.5146, Validation acc= 0.1240
Epoch   470: Training cost= 0.5251, Training acc= 0.4646, Validation cost= 4.6852, Validation acc= 0.1239
Epoch   480: Training cost= 0.4743, Training acc= 0.4739, Validation cost= 4.8179, Validation acc= 0.1237
Epoch   490: Training cost= 0.4534, Training acc= 0.4831, Validation cost= 4.9681, Validation acc= 0.1236
Epoch   500: Training cost= 0.4233, Training acc= 0.4923, Validation cost= 5.1453, Validation acc= 0.1236
tm  [-0.4  0.8  2.   3.4  3.4 -0.   0.8  1.4  3.1  1.2  0.7 -0.1  1.8 -0.6  3.1  1.4 -2.2  2.  -0.2 -0.8  3.3 -2.2  1.7  4.  -0.3  1.2 -0.3 -1.8 -0.4 -1.2  2.2 -0.3  6.1  2.   3.2  0.5  2.3 -1.2 -0.3  0.5  1.6  0.4 -0.3  4.5  0.1  2.6 -0.3 -0.2  6.2  0.1 -1.4  3.1  0.5  1.4  2.1 -1.1 -0.5 -1.4 -0.1  0.8  2.1  0.6  0.1 -0.4 -1.1  0.7  1.4  0.9 -0.5  3.  -1.1 -1.1  4.3 -0.1  2.5  1.8  1.9  4.3  1.9 -0.1  0.3 -0.   0.1 -0.5  0.4 -0.1  0.3 -0.7 -0.3  0.4  1.5 -0.4  6.9  3.5 -0.6  3.2 -0.9 -0.4  2.1  2.  -1.6 -0.9 -0.1  2.6  0.9  0.1 -0.2  2.4  4.   1.4 -0.5  2.8 -0.2  2.5  0.7  2.2 -0.8  0.5 -0.1  2.9 -1.5 -0.4 -0.6  2.9 -0.8  1.  -0.3  2.8  1.4  0.1  4.4 -0.7  1.6 -1.1  0.6 -0.4 -1.6 -0.6 -0.1 -0.8  1.5 -0.9 -0.3  1.1 -0.6 -0.4 -1.4 -0.5 -0.3 -0.8 -1.  -0.7 -0.2  3.1 -0.1 -1.2 -0.9 -0.1  2.1 -0.2 -0.7 -0.5  2.9 -1.2 -1.5 -0.5 -0.3  3.1 -1.  -0.9 -0.9 -0.   3.5  5.7 -0.3 -0.3  1.   3.3 -0.7 -0.   2.7 -1.1 -0.  -0.1 -0.2  0.7  3.  -1.2 -0.2 -0.4 -0.6  4.1  2.4 -0.5  0.4 -0.4  1.3 -0.1  2.5  4.5 -0.1  3.4  0.7  1.9  5.2  1.2 -0.7  2.9  0.6  3.6  1.1  5.9  0.8 -0.4 -0.7  0.7 -0.5  2.1  1.3  1.1  1.5  1.3  1.   2.4  7.3  1.9  0.8 -0.8  2.6 -0.  -0.5 -1.4 -0.2  3.7 -0.7 -1.5  1.2 -0.7 -0.3  1.4 -0.7 -0.6  1.9  0.2 -0.9  2.1  2.7 -0.5  0.9 -0.5 -0.1 -0.6 -0.1  2.9 -0.5  1.5]
ty_50sample [[5 0 3 3 7 9 3]
 [6 5 8 1 8 0 3]
 [4 1 3 3 9 2 4]
 [7 2 3 6 7 6 6]
 [4 9 9 5 4 4 9]
 [6 3 4 4 3 6 5]
 [2 1 0 1 0 1 1]
 [9 2 1 0 1 6 3]
 [7 3 6 1 0 2 2]
 [6 2 6 9 5 3 7]]
tt_50sample [[5 0 3 3 7 9 3]
 [6 5 3 1 8 0 4]
 [4 1 3 3 9 2 5]
 [7 2 3 9 7 6 6]
 [4 9 9 5 4 4 9]
 [6 3 4 4 3 6 5]
 [2 1 0 1 0 1 1]
 [9 2 1 0 1 6 3]
 [7 3 6 1 0 2 2]
 [6 2 6 9 5 3 7]]
vm  [-0.8 -0.2  0.6  1.4  2.3 -0.7  0.3  2.7  0.8  6.  -0.1  4.8  1.6 -0.4  3.  -0.5  1.   5.4 -0.6 -0.7 -0.  -0.5  2.3  1.5 -1.   1.4  0.8  1.9  1.3  1.6 -0.7  2.   1.3 -0.5 -0.6  2.7  2.2 -0.4  1.7 -0.3  0.9  4.7 -0.1  2.5  3.   4.4  3.1  4.8  0.6 -0.2  0.   0.7 -0.3  1.4 -0.1 -0.4  1.4  1.  -0.1 -0.4  2.   3.1  0.4 -0.8 -1.2  2.1 -0.2  0.4 -0.3 -0.5 -0.6  3.5 -0.3 -0.2  4.5 -0.4  0.4 -0.2  3.5  0.2  0.9  1.6  1.3  1.2 -0.6  0.6 -0.   1.   1.9  0.4 -0.1 -0.2 -0.3 -0.3 -0.8  0.2 -0.7  2.9  3.7 -0.8  1.5 -1.6 -1.  -1.1  2.4 -0.3 -0.3 -0.6 -0.2  3.6  3.1 -0.4 -0.6 -0.1  2.1  1.2  1.5 -0.4  2.6  1.4 -0.3  4.8  4.1  4.1  0.2  4.  -0.1  4.5 -0.3  2.7  2.9 -0.8  1.   0.9  1.1  0.2  0.7 -0.3 -0.8 -0.1 -0.5 -0.5  2.3 -0.2 -0.2 -0.2 -0.1  0.5  1.3 -0.7  3.   1.6 -0.7  4.4 -0.  -1.1 -1.  -0.7  0.8  2.9 -1.  -0.8  0.5 -0.2  2.6  0.9 -1.1  2.4 -0.9 -1.6 -0.7 -0.1 -1.   2.4 -0.3 -0.1 -0.4  1.3 -0.3  1.   1.8 -1.2  5.5  6.5  1.5 -0.6 -0.   1.2 -0.3 -0.5  2.3 -0.2 -0.1 -0.2  5.9  0.7  1.7  1.4  4.4  0.9  3.8 -0.1  6.   2.2  2.8  0.9  0.8 -0.3 -0.4  1.2  6.5  0.2  2.4 -0.6 -0.6  5.5  2.   1.   1.   5.8 -0.4 -0.6  0.1 -0.3 -0.7 -0.8  3.9 -0.9  1.4  0.2 -0.3  1.5  1.   2.  -1.  -1.1 -1.1 -0.7  0.4  1.2  1.3  0.4 -0.1  7.7 -0.2 -0.2 -1.5  0.   2.1  4.4 -0.2 -0.1  2.3 -0.5 -0.1  3.3]
vy_50sample [[2 8 4 8 8 8 8]
 [7 1 7 9 1 1 1]
 [9 3 3 9 3 5 5]
 [6 6 6 6 6 6 6]
 [0 9 3 0 1 3 3]
 [2 3 2 3 2 2 3]
 [6 6 0 0 5 3 7]
 [3 8 3 3 3 7 8]
 [5 9 5 9 1 9 9]
 [4 4 4 4 3 4 4]]
vt_50sample [[8 9 1 4 7 3 7]
 [6 2 6 0 9 6 2]
 [1 0 9 7 4 8 4]
 [9 8 7 7 6 8 8]
 [2 1 0 4 2 6 5]
 [1 7 3 6 6 8 0]
 [4 7 5 3 9 4 7]
 [7 3 1 0 0 7 4]
 [0 7 9 9 5 8 2]
 [6 0 5 7 1 3 5]]
Epoch   510: Training cost= 0.3877, Training acc= 0.5012, Validation cost= 5.2710, Validation acc= 0.1235
Epoch   520: Training cost= 0.3368, Training acc= 0.5098, Validation cost= 5.4129, Validation acc= 0.1234
Epoch   530: Training cost= 0.3716, Training acc= 0.5180, Validation cost= 5.4617, Validation acc= 0.1233
Epoch   540: Training cost= 0.3574, Training acc= 0.5257, Validation cost= 5.5484, Validation acc= 0.1233
Epoch   550: Training cost= 0.4414, Training acc= 0.5322, Validation cost= 5.5111, Validation acc= 0.1232
Epoch   560: Training cost= 0.3509, Training acc= 0.5385, Validation cost= 5.4054, Validation acc= 0.1231
Epoch   570: Training cost= 0.3143, Training acc= 0.5455, Validation cost= 5.4164, Validation acc= 0.1230
Epoch   580: Training cost= 0.2720, Training acc= 0.5527, Validation cost= 5.4804, Validation acc= 0.1229
Epoch   590: Training cost= 0.2169, Training acc= 0.5601, Validation cost= 5.6552, Validation acc= 0.1228
Epoch   600: Training cost= 0.2023, Training acc= 0.5672, Validation cost= 5.7759, Validation acc= 0.1228
tm  [-0.4  1.6  2.5  4.   2.8  0.8  0.1  1.8  2.9  1.1  1.4 -0.   2.9 -0.7  3.9  1.4 -2.6  2.9 -0.4 -1.2  4.3 -2.5  2.3  5.3 -0.2  1.2 -0.4 -2.1 -0.2 -1.4  1.7 -0.5  7.   1.8  2.7  0.5  3.6 -1.5 -0.1  0.8  1.   0.8 -0.6  5.2  0.1  3.2 -0.3 -0.2  6.9 -0.1 -1.8  2.5  0.6  1.6  2.1 -1.5 -0.8 -1.6 -0.2  1.4  3.2  0.8  0.4 -0.3 -1.4  0.8  2.   0.6 -0.4  3.4 -1.3 -1.3  4.3 -0.2  2.5  2.2  0.8  4.4  2.6 -0.3  0.3 -0.  -0.2 -0.3  0.7 -0.1  0.5 -0.7 -0.4  0.4  0.8 -0.3  7.8  2.9 -0.7  3.6 -1.3 -0.5  2.6  2.  -2.1 -1.1 -0.3  3.3  1.2  0.6 -0.   2.9  5.7  2.2 -0.9  3.1 -0.2  3.1  0.7  2.7 -1.  -0.  -0.3  3.1 -1.9 -0.5 -0.5  3.  -1.   0.9 -0.2  3.4  1.6 -0.1  4.9 -0.8  2.1 -1.3  0.8 -0.4 -1.4 -0.8 -0.1 -0.9  1.3 -1.1 -0.3  0.7 -0.6 -0.6 -1.7 -0.7 -0.3 -0.9 -1.2 -0.7 -0.4  3.2 -0.1 -1.3 -1.1 -0.3  2.8 -0.2 -1.  -0.6  3.8 -1.3 -1.8 -0.7 -0.5  3.9 -1.2 -1.3 -1.   0.4  4.7  6.2 -0.2 -0.4  1.4  4.5 -1.  -0.2  3.6 -1.3 -0.1 -0.3 -0.2  0.7  3.2 -1.4 -0.2 -0.3 -0.6  5.7  2.9 -0.5  0.8 -0.5  1.5  0.8  2.7  5.6 -0.4  3.7  1.1  1.3  6.   1.  -0.7  3.3  1.1  4.   0.9  6.6  1.  -0.3 -1.1  0.7 -0.8  2.9  1.6  0.7  2.1  1.9  0.3  3.   8.3  1.6 -0.1 -0.9  2.6 -0.2 -0.6 -1.5  0.2  3.9 -1.1 -1.8  1.7 -0.6 -0.3  1.3 -0.7 -0.7  1.9  0.9 -1.   2.   3.9 -0.8  0.8 -0.3 -0.2 -0.7 -0.2  2.7 -0.5  2.3]
ty_50sample [[5 0 3 3 7 9 3]
 [6 5 3 1 8 0 4]
 [4 1 3 3 9 2 5]
 [7 2 3 9 7 6 6]
 [4 9 9 5 4 4 9]
 [6 3 4 4 3 6 5]
 [2 1 0 1 0 1 1]
 [9 2 1 0 1 6 3]
 [7 3 6 1 0 2 2]
 [6 2 6 9 5 3 7]]
tt_50sample [[5 0 3 3 7 9 3]
 [6 5 3 1 8 0 4]
 [4 1 3 3 9 2 5]
 [7 2 3 9 7 6 6]
 [4 9 9 5 4 4 9]
 [6 3 4 4 3 6 5]
 [2 1 0 1 0 1 1]
 [9 2 1 0 1 6 3]
 [7 3 6 1 0 2 2]
 [6 2 6 9 5 3 7]]
vm  [-0.9 -0.3  0.8  1.2  3.3 -0.8  0.2  2.7  1.3  7.4 -0.1  5.5  1.8 -0.3  4.3 -0.6  0.9  6.2 -0.6 -0.7 -0.3 -0.4  2.8  1.7 -1.1  1.7  1.2  1.7  1.4  1.8 -1.   1.6  0.3 -0.6 -0.7  2.5  2.7 -0.5  2.1 -0.4  0.4  5.8  0.6  2.2  3.1  4.8  3.2  6.2  0.5 -0.2 -0.1  0.4 -0.4  1.4 -0.1 -0.4  1.2  1.3  0.2 -0.6  2.7  3.9  0.4 -1.1 -1.3  2.4 -0.4  0.7 -0.3 -0.7 -0.8  4.  -0.4 -0.3  5.  -0.6 -0.1 -0.1  4.4 -0.1  1.5  1.8  1.6  2.4 -0.7 -0.  -0.1  1.6  2.1  0.3 -0.   0.4 -0.2 -0.4 -0.8  0.6 -0.8  3.4  4.  -0.6  1.4 -1.7 -1.2 -1.3  3.1 -0.4 -0.3 -0.7 -0.   3.9  3.5 -0.3 -0.6 -0.3  2.5  1.3  1.7 -0.6  3.7  1.3 -0.4  6.3  4.9  4.6  0.2  4.3 -0.   5.2 -0.3  3.1  3.3 -0.9  1.4  1.2  1.6 -0.1  1.5 -0.1 -0.8  0.5 -0.3 -0.8  3.1 -0.3 -0.2 -0.2 -0.2  0.8  0.9 -0.7  3.3  1.4 -0.9  4.8  0.4 -1.  -1.3 -0.7  0.6  3.8 -1.4 -1.   0.8 -0.2  2.6  0.6 -1.1  2.6 -1.1 -1.8 -0.9 -0.1 -1.3  2.5 -0.2 -0.2 -0.6  1.7 -0.3  1.1  2.2 -1.4  6.8  6.8  2.7 -0.5 -0.1  1.4 -0.6 -0.8  2.7 -0.1 -0.  -0.2  7.9  0.6  1.2  1.5  5.7  1.2  4.6 -0.2  6.8  2.3  3.6  0.8  1.1 -0.4 -0.4  1.1  7.4 -0.1  2.8 -0.7 -0.8  6.8  2.8  0.8  0.8  6.6 -0.5 -0.9 -0.  -0.2 -0.8 -1.   3.3 -1.2  1.5  0.4 -0.1  1.6  0.6  2.9 -1.4 -1.2 -1.2 -0.7  0.5  1.1  2.4  0.5 -0.2  8.1 -0.3 -0.3 -1.8 -0.1  3.2  5.3 -0.2  0.4  2.4 -0.6 -0.   3.9]
vy_50sample [[8 8 4 8 8 8 8]
 [7 1 7 9 1 1 5]
 [9 3 5 9 3 5 5]
 [6 6 6 6 5 6 6]
 [0 9 3 0 1 3 9]
 [2 3 2 3 3 2 3]
 [5 5 0 0 5 5 0]
 [3 8 0 3 5 7 8]
 [5 9 5 9 1 1 9]
 [4 4 4 1 0 6 5]]
vt_50sample [[8 9 1 4 7 3 7]
 [6 2 6 0 9 6 2]
 [1 0 9 7 4 8 4]
 [9 8 7 7 6 8 8]
 [2 1 0 4 2 6 5]
 [1 7 3 6 6 8 0]
 [4 7 5 3 9 4 7]
 [7 3 1 0 0 7 4]
 [0 7 9 9 5 8 2]
 [6 0 5 7 1 3 5]]
Epoch   610: Training cost= 0.1967, Training acc= 0.5741, Validation cost= 5.8700, Validation acc= 0.1227
Epoch   620: Training cost= 0.1693, Training acc= 0.5809, Validation cost= 6.0465, Validation acc= 0.1226
Epoch   630: Training cost= 0.1521, Training acc= 0.5875, Validation cost= 6.2140, Validation acc= 0.1226
Epoch   640: Training cost= 0.1837, Training acc= 0.5937, Validation cost= 6.2616, Validation acc= 0.1225
Epoch   650: Training cost= 0.1440, Training acc= 0.5998, Validation cost= 6.2866, Validation acc= 0.1224
Epoch   660: Training cost= 0.1341, Training acc= 0.6058, Validation cost= 6.3860, Validation acc= 0.1224
Epoch   670: Training cost= 0.1138, Training acc= 0.6117, Validation cost= 6.4958, Validation acc= 0.1223
Epoch   680: Training cost= 0.1005, Training acc= 0.6174, Validation cost= 6.6211, Validation acc= 0.1223
Epoch   690: Training cost= 0.0866, Training acc= 0.6230, Validation cost= 6.7637, Validation acc= 0.1222
Epoch   700: Training cost= 0.0829, Training acc= 0.6283, Validation cost= 6.8717, Validation acc= 0.1221
tm  [-0.5  1.6  3.2  4.7  4.   1.1  0.9  2.4  3.5  1.5  1.4  0.8  2.9 -0.8  4.4  2.5 -2.8  2.8 -0.3 -1.2  4.3 -2.7  2.1  6.2 -0.2  1.3 -0.3 -2.3 -0.5 -1.5  3.1 -0.6  8.3  2.   3.   0.7  3.5 -1.6 -0.   1.1  1.7  0.3 -0.5  6.5 -0.1  3.4 -0.4 -0.4  7.5 -0.3 -1.8  2.3  0.8  1.9  2.  -1.6 -0.9 -1.9 -0.2  1.3  3.4  0.7  0.5 -0.6 -1.6  1.3  2.3  1.  -0.6  4.1 -1.5 -1.6  4.3 -0.3  3.3  2.2  1.5  4.9  3.2 -0.2  1.3 -0.  -0.2 -0.6  0.5  0.3  1.  -0.7 -0.5  0.8  0.9 -0.5  8.4  3.8 -0.7  4.  -1.4 -0.6  2.4  2.6 -2.4 -1.1 -0.2  5.1  1.   0.6 -0.1  2.6  5.8  2.7 -0.9  3.5 -0.   2.7  0.3  3.1 -0.9 -0.2 -0.4  3.4 -2.1 -0.5 -0.7  3.4 -0.9  0.8 -0.1  4.3  2.7 -0.1  5.1 -1.1  2.4 -1.4  2.  -0.6 -1.8 -0.9 -0.2 -1.   1.7 -1.2 -0.   0.8 -0.6 -0.5 -1.8 -0.6 -0.3 -0.8 -1.4 -0.7 -0.3  3.3 -0.2 -1.4 -1.5 -0.2  2.7 -0.1 -1.2 -0.6  4.3 -1.6 -1.9 -0.6 -0.6  4.5 -1.2 -1.3 -1.2  0.1  5.8  7.3 -0.2 -0.5  1.6  4.3 -1.  -0.3  3.1 -1.4 -0.  -0.3 -0.2  1.2  3.8 -1.4 -0.3 -0.5 -0.5  7.2  3.2 -0.5  1.2 -0.6  1.9  0.6  3.7  6.1 -0.2  4.1  0.9  1.4  7.2  1.7 -0.7  3.6  1.7  5.   1.5  8.1  0.9 -0.3 -1.   1.2 -0.7  3.   1.8  1.   2.1  1.7  0.8  3.6  9.2  2.5  0.4 -1.1  3.9 -0.1 -0.6 -1.7 -0.1  3.8 -1.2 -2.   1.8 -0.7 -0.2  1.7 -0.8 -0.6  2.3  0.7 -1.2  2.3  4.5 -0.8  0.8 -0.3 -0.4 -0.8 -0.2  3.6 -0.3  2.5]
ty_50sample [[5 0 3 3 7 9 3]
 [6 5 3 1 8 0 4]
 [4 1 3 3 9 2 5]
 [7 2 3 9 7 6 6]
 [4 9 9 5 4 4 9]
 [6 3 4 4 3 6 5]
 [2 1 0 1 0 1 1]
 [9 2 1 0 1 6 3]
 [7 3 6 1 0 2 2]
 [6 2 6 9 5 3 7]]
tt_50sample [[5 0 3 3 7 9 3]
 [6 5 3 1 8 0 4]
 [4 1 3 3 9 2 5]
 [7 2 3 9 7 6 6]
 [4 9 9 5 4 4 9]
 [6 3 4 4 3 6 5]
 [2 1 0 1 0 1 1]
 [9 2 1 0 1 6 3]
 [7 3 6 1 0 2 2]
 [6 2 6 9 5 3 7]]
vm  [-1.  -0.3  1.2  1.4  3.8 -0.7  0.4  3.   1.4  7.9 -0.   6.7  2.3 -0.2  4.5 -0.6  0.7  7.4 -0.7 -0.9 -0.2 -0.5  4.   1.9 -1.3  1.5  1.6  1.8  1.9  2.1 -1.3  1.5  0.8 -0.6 -0.8  3.2  3.3 -0.7  2.4 -0.3  0.2  6.5  1.   2.7  3.8  5.1  3.3  6.7  0.6 -0.3  0.1  0.2 -0.4  1.1 -0.  -0.6  1.3  1.6  0.3 -0.9  3.   4.8  0.3 -1.2 -1.5  2.4 -0.4  0.6 -0.4 -0.7 -0.9  4.5 -0.4 -0.4  5.9 -0.7 -0.3  0.1  4.8 -0.2  2.   2.   2.   3.4 -0.7  0.2 -0.1  2.2  2.3  1.  -0.1  0.2 -0.1 -0.5 -1.   0.3 -0.9  3.7  4.8 -0.8  1.2 -1.8 -1.5 -1.4  3.9 -0.4 -0.1 -0.7  0.4  4.4  4.3 -0.4 -0.7 -0.4  3.   1.1  1.3 -0.7  3.7  1.3 -0.3  7.3  5.1  5.8  0.5  4.4  0.2  5.9 -0.2  2.8  4.1 -1.2  1.8  1.   2.3 -0.3  2.1 -0.1 -0.7 -0.  -0.3 -0.9  3.4 -0.5 -0.2 -0.3 -0.4  1.5  1.  -0.8  3.7  1.6 -1.   5.9  1.1 -1.1 -1.6 -0.6  1.   5.  -1.7 -1.3  0.9 -0.2  2.7  0.5 -1.3  2.8 -1.2 -2.1 -1.1 -0.1 -1.4  2.9 -0.3 -0.1 -0.5  1.9 -0.3  1.4  2.8 -1.7  7.6  8.   3.  -0.8 -0.1  1.2 -0.8 -0.8  3.5 -0.1 -0.1 -0.5  9.4  0.4  1.7  2.2  6.5  1.5  4.7 -0.2  8.   1.8  3.7  1.6  1.1 -0.4 -0.5  1.2  8.2 -0.1  3.  -0.8 -0.9  7.1  3.2  1.7  1.   7.8 -0.6 -1.1 -0.  -0.3 -0.8 -1.   3.2 -1.5  1.6  0.5 -0.1  1.8  0.9  2.6 -1.6 -1.4 -1.4 -0.7  0.9  1.7  3.2  0.7 -0.4  9.  -0.4 -0.4 -1.9 -0.2  3.5  6.  -0.2  0.6  2.7 -0.4 -0.1  4.5]
vy_50sample [[2 8 4 5 8 8 8]
 [7 1 7 9 1 1 5]
 [9 3 3 9 3 5 5]
 [6 6 6 6 5 6 6]
 [9 9 3 0 1 9 9]
 [2 3 5 5 3 9 3]
 [5 5 0 0 5 5 0]
 [3 8 0 3 5 7 8]
 [5 1 1 1 1 1 1]
 [4 4 4 1 0 4 4]]
vt_50sample [[8 9 1 4 7 3 7]
 [6 2 6 0 9 6 2]
 [1 0 9 7 4 8 4]
 [9 8 7 7 6 8 8]
 [2 1 0 4 2 6 5]
 [1 7 3 6 6 8 0]
 [4 7 5 3 9 4 7]
 [7 3 1 0 0 7 4]
 [0 7 9 9 5 8 2]
 [6 0 5 7 1 3 5]]
Epoch   710: Training cost= 0.0785, Training acc= 0.6336, Validation cost= 6.9515, Validation acc= 0.1221
Epoch   720: Training cost= 0.0760, Training acc= 0.6387, Validation cost= 7.0641, Validation acc= 0.1220
Epoch   730: Training cost= 0.0640, Training acc= 0.6436, Validation cost= 7.1407, Validation acc= 0.1220
Epoch   740: Training cost= 0.0621, Training acc= 0.6484, Validation cost= 7.2576, Validation acc= 0.1220
Epoch   750: Training cost= 0.0598, Training acc= 0.6531, Validation cost= 7.3710, Validation acc= 0.1219
Epoch   760: Training cost= 0.0556, Training acc= 0.6577, Validation cost= 7.4138, Validation acc= 0.1219
Epoch   770: Training cost= 0.0633, Training acc= 0.6621, Validation cost= 7.4798, Validation acc= 0.1218
Epoch   780: Training cost= 0.0528, Training acc= 0.6665, Validation cost= 7.5395, Validation acc= 0.1218
Epoch   790: Training cost= 0.0491, Training acc= 0.6707, Validation cost= 7.6350, Validation acc= 0.1217
Epoch   800: Training cost= 0.0726, Training acc= 0.6748, Validation cost= 7.6237, Validation acc= 0.1217
tm  [-0.6  1.8  3.6  5.1  3.7  1.   0.8  2.5  4.1  2.   1.8  0.4  3.  -0.7  4.5  2.2 -3.   3.6 -0.4 -1.2  4.9 -2.8  2.5  6.9 -0.2  2.1 -0.4 -2.3 -0.4 -1.8  3.  -0.6  8.9  2.3  3.4  1.   3.5 -1.9  0.   1.2  2.2  0.4 -0.5  6.4 -0.1  3.6 -0.4 -0.4  7.8 -0.3 -2.1  2.4  1.1  1.9  2.2 -1.7 -0.9 -2.2 -0.2  1.2  3.8  1.   0.8 -0.4 -1.7  1.4  2.8  1.  -0.6  4.7 -1.5 -1.6  4.6 -0.2  3.4  3.   1.6  5.2  3.4 -0.2  1.6  0.3 -0.1 -0.5  0.7  0.4  0.8 -0.8 -0.5  0.9  0.8 -0.5  9.2  4.2 -0.6  4.8 -1.3 -0.5  2.   2.7 -2.3 -1.1 -0.2  5.2  1.3  0.4 -0.1  3.   6.   2.9 -1.   4.5 -0.   2.9  0.8  3.6 -1.2 -0.2 -0.4  3.6 -2.5 -0.6 -0.8  3.8 -1.1  1.1 -0.   4.7  3.  -0.1  5.  -1.3  2.5 -1.4  1.6 -0.5 -1.6 -1.1 -0.3 -1.   1.5 -1.3 -0.1  1.  -0.7 -0.5 -1.8 -0.7 -0.4 -1.1 -1.4 -0.7 -0.4  3.8 -0.1 -1.5 -1.7 -0.1  3.1  0.2 -1.2 -0.5  4.5 -1.6 -1.9 -0.7 -0.7  4.9 -1.3 -1.3 -1.2  0.2  6.2  7.5 -0.4 -0.5  1.9  4.9 -1.2 -0.2  3.4 -1.7 -0.  -0.3 -0.2  1.5  3.9 -1.5 -0.2 -0.6 -0.7  7.9  3.6 -0.5  1.4 -0.7  2.4  0.3  4.3  6.5 -0.1  4.7  2.1  1.4  7.8  1.1 -0.7  4.   1.7  5.   1.5  8.6  1.  -0.3 -1.   1.9 -0.7  3.9  1.7  1.5  2.   2.   0.9  4.1  9.6  2.2  0.3 -1.4  4.2 -0.3 -0.5 -1.6  0.2  4.  -1.1 -2.2  2.5 -0.7 -0.2  1.9 -0.8 -0.7  2.9  1.4 -1.1  2.4  5.2 -0.7  0.5 -0.3 -0.4 -0.8 -0.3  3.6 -0.4  3.5]
ty_50sample [[5 0 3 3 7 9 3]
 [6 5 3 1 8 0 4]
 [4 1 3 3 9 2 5]
 [7 2 3 9 7 6 6]
 [4 9 9 5 4 4 9]
 [6 3 4 4 3 6 5]
 [2 1 0 1 0 1 1]
 [9 2 1 0 1 6 3]
 [7 3 6 1 0 2 2]
 [6 2 6 9 5 3 7]]
tt_50sample [[5 0 3 3 7 9 3]
 [6 5 3 1 8 0 4]
 [4 1 3 3 9 2 5]
 [7 2 3 9 7 6 6]
 [4 9 9 5 4 4 9]
 [6 3 4 4 3 6 5]
 [2 1 0 1 0 1 1]
 [9 2 1 0 1 6 3]
 [7 3 6 1 0 2 2]
 [6 2 6 9 5 3 7]]
vm  [-1.1 -0.1  1.6  1.6  4.8 -0.8  0.4  3.   1.6  8.9 -0.2  7.4  2.8 -0.1  5.5 -0.5  0.7  7.8 -0.9 -1.  -0.3 -0.8  4.7  1.7 -1.4  1.6  2.1  1.3  1.1  2.1 -1.2  1.5  0.5 -0.6 -0.8  3.9  3.5 -0.6  2.1 -0.3 -0.1  7.   1.   3.1  3.4  5.9  3.   6.9  1.2 -0.4  0.3  0.4 -0.4  1.  -0.2 -0.7  0.7  2.2  0.7 -1.   2.7  5.4  0.1 -1.5 -1.6  2.3 -0.6  0.8 -0.6 -0.8 -0.9  4.8 -0.4 -0.4  6.1 -0.8 -0.3 -0.1  5.5 -0.2  2.6  1.8  2.2  3.5 -0.6  0.3 -0.1  2.1  2.4  0.6  0.5  0.1 -0.1 -0.4 -1.   0.5 -0.9  3.8  4.7 -0.7  1.3 -1.9 -1.6 -1.5  4.1 -0.3 -0.3 -0.8  0.3  4.8  4.7 -0.4 -0.7 -0.4  2.7  1.8  2.  -0.7  4.1  1.8 -0.4  7.5  4.9  6.8  1.   5.   0.3  6.3 -0.1  2.8  4.4 -1.3  1.5  1.4  2.9 -0.3  1.3 -0.2 -0.6 -0.1 -0.  -1.2  3.5 -0.6 -0.  -0.3 -0.6  1.9  1.1 -0.8  3.2  1.7 -0.8  6.8  1.  -1.1 -1.9 -0.5  1.2  5.1 -1.8 -1.2  1.  -0.4  2.3  0.5 -1.3  2.8 -1.5 -2.3 -1.2 -0.3 -1.5  3.3 -0.2 -0.3 -0.4  0.9 -0.4  1.8  3.1 -1.8  8.   8.8  3.5 -0.9 -0.1  0.8 -0.9 -0.8  4.1 -0.  -0.1 -0.3  9.5  0.3  1.6  1.9  6.9  1.4  5.6 -0.1  8.   2.5  4.4  1.4  1.2 -0.4 -0.6  1.4  9.  -0.   2.9 -1.  -0.8  7.4  4.   1.6  1.3  7.9 -0.7 -1.3 -0.1 -0.4 -0.9 -1.1  3.1 -1.5  2.2  0.8 -0.3  1.7  0.8  3.2 -1.6 -1.5 -1.5 -0.7  0.7  1.9  3.6  0.4 -0.5  9.2 -0.5 -0.3 -2.  -0.1  3.1  6.4 -0.1  0.1  2.9 -0.4 -0.   4.7]
vy_50sample [[8 8 4 5 8 8 8]
 [7 1 1 9 1 1 5]
 [9 3 3 9 3 5 5]
 [6 6 6 6 5 6 6]
 [9 9 3 0 3 9 9]
 [2 3 5 5 3 9 3]
 [5 5 0 0 5 5 0]
 [3 8 0 3 5 7 8]
 [5 1 5 1 1 1 1]
 [4 4 4 1 0 4 5]]
vt_50sample [[8 9 1 4 7 3 7]
 [6 2 6 0 9 6 2]
 [1 0 9 7 4 8 4]
 [9 8 7 7 6 8 8]
 [2 1 0 4 2 6 5]
 [1 7 3 6 6 8 0]
 [4 7 5 3 9 4 7]
 [7 3 1 0 0 7 4]
 [0 7 9 9 5 8 2]
 [6 0 5 7 1 3 5]]
Epoch   810: Training cost= 0.0756, Training acc= 0.6788, Validation cost= 7.6195, Validation acc= 0.1216
Epoch   820: Training cost= 0.0744, Training acc= 0.6827, Validation cost= 7.5387, Validation acc= 0.1216
Epoch   830: Training cost= 0.0610, Training acc= 0.6865, Validation cost= 7.5272, Validation acc= 0.1215
Epoch   840: Training cost= 0.0560, Training acc= 0.6902, Validation cost= 7.5715, Validation acc= 0.1215
Epoch   850: Training cost= 0.0460, Training acc= 0.6938, Validation cost= 7.6387, Validation acc= 0.1215
Epoch   860: Training cost= 0.0393, Training acc= 0.6974, Validation cost= 7.7062, Validation acc= 0.1214
Epoch   870: Training cost= 0.0378, Training acc= 0.7008, Validation cost= 7.7473, Validation acc= 0.1214
Epoch   880: Training cost= 0.0359, Training acc= 0.7042, Validation cost= 7.8113, Validation acc= 0.1213
Epoch   890: Training cost= 0.0336, Training acc= 0.7076, Validation cost= 7.8464, Validation acc= 0.1213
Epoch   900: Training cost= 0.0322, Training acc= 0.7108, Validation cost= 7.9607, Validation acc= 0.1212
tm  [-0.8  1.9  3.5  5.6  3.5  0.7  0.4  2.5  3.8  2.2  2.3  0.2  3.7 -0.8  4.8  2.4 -3.2  4.1 -0.4 -1.4  5.5 -3.   2.9  7.1 -0.4  2.3 -0.6 -2.5 -0.3 -1.9  3.1 -0.5  9.2  2.6  3.   0.9  3.5 -2.1  0.8  1.2  1.9  0.1 -0.7  6.7 -0.1  4.1 -0.3 -0.5  8.1 -0.4 -2.3  2.8  1.7  1.9  1.6 -1.8 -0.9 -2.3 -0.2  1.6  4.4  1.5  0.6 -0.4 -2.   1.1  2.6  0.9 -0.7  5.1 -1.5 -1.6  4.6 -0.3  3.2  3.7  1.5  4.7  3.6 -0.3  1.8  0.3 -0.1 -0.4  0.9  0.3  0.4 -0.8 -0.5  1.1  0.6 -0.5  9.5  3.9 -0.7  4.8 -1.4 -0.6  2.   2.5 -2.4 -1.1 -0.2  5.6  1.7  0.5 -0.   2.9  6.   3.  -1.1  5.1  0.   2.9  0.8  4.  -1.1 -0.3 -0.5  3.9 -2.6 -0.6 -0.7  3.5 -1.3  1.6 -0.1  5.   2.9 -0.1  4.8 -1.4  2.7 -1.6  1.  -0.7 -1.5 -1.1 -0.4 -0.9  0.6 -1.1 -0.2  1.1 -0.9 -0.6 -1.9 -0.8 -0.4 -1.5 -1.4 -0.7 -0.5  3.1 -0.  -1.7 -1.9 -0.3  3.3  0.4 -1.4 -0.7  5.  -1.5 -2.  -0.8 -0.7  5.5 -1.5 -1.4 -1.4  0.4  6.6  7.2 -0.4 -0.5  1.5  5.2 -1.2 -0.2  4.2 -2.   0.2 -0.4 -0.2  1.8  4.1 -1.5 -0.2 -0.7 -0.9  9.4  3.6 -0.6  1.4 -0.7  2.7  0.5  4.   6.4 -0.3  5.   2.6  0.5  7.8  0.4 -0.6  4.2  1.8  5.1  1.3  8.9  1.3 -0.3 -1.3  2.2 -1.   4.9  2.   1.7  1.8  1.9  0.8  4.7  9.5  1.7 -0.  -1.6  4.3 -0.4 -0.6 -1.4  0.4  3.8 -1.2 -2.4  2.8 -0.7 -0.3  1.6 -0.7 -0.8  3.   1.7 -1.   2.2  6.  -0.9  0.6 -0.3 -0.2 -0.7 -0.4  3.2 -0.3  4.3]
ty_50sample [[5 0 3 3 7 9 3]
 [6 5 3 1 8 0 4]
 [4 1 3 3 9 2 5]
 [7 2 3 9 7 6 6]
 [4 9 9 5 4 4 9]
 [6 3 4 4 3 6 5]
 [2 1 0 1 0 1 1]
 [9 2 1 0 1 6 3]
 [7 3 6 1 0 2 2]
 [6 2 6 9 5 3 7]]
tt_50sample [[5 0 3 3 7 9 3]
 [6 5 3 1 8 0 4]
 [4 1 3 3 9 2 5]
 [7 2 3 9 7 6 6]
 [4 9 9 5 4 4 9]
 [6 3 4 4 3 6 5]
 [2 1 0 1 0 1 1]
 [9 2 1 0 1 6 3]
 [7 3 6 1 0 2 2]
 [6 2 6 9 5 3 7]]
vm  [-1.3 -0.1  1.   1.2  4.7 -0.8  0.4  2.6  1.5  9.2 -0.3  7.8  2.7 -0.1  5.9 -0.4  0.5  7.7 -1.  -0.9 -0.3 -0.8  4.8  1.5 -1.3  1.8  1.8  1.8  1.6  2.9 -1.5  1.4  0.5 -0.8 -0.9  4.1  3.7 -0.6  2.1 -0.3 -0.2  7.6  0.4  2.5  3.2  5.7  3.   6.9  1.6 -0.4 -0.   0.3 -0.4  1.1 -0.1 -0.8  0.8  2.1  1.1 -1.3  3.1  5.6  0.8 -1.5 -1.6  2.1 -0.4  0.4 -0.4 -0.8 -1.   4.5 -0.1 -0.6  6.3 -0.8 -0.4 -0.   5.5 -0.2  2.5  1.5  2.5  4.6 -0.7  0.3 -0.   2.7  2.2  0.9 -0.   0.2 -0.  -0.6 -1.   0.6 -0.9  3.2  4.9 -0.8  1.  -1.9 -1.8 -1.7  4.5 -0.4 -0.2 -0.8  1.1  5.6  5.1 -0.4 -0.8 -0.3  3.1  1.8  1.5 -0.7  4.7  1.8 -0.1  8.4  5.7  7.   1.2  4.6  0.2  6.7 -0.2  3.1  4.4 -1.3  1.9  1.4  3.1 -0.2  2.3 -0.2 -0.6  0.1 -0.1 -1.2  4.  -0.4  0.  -0.4 -0.7  1.7  0.7 -0.9  4.5  1.5 -1.   7.4  1.4 -1.1 -1.9 -0.5  1.1  5.6 -1.9 -1.3  1.6 -0.5  1.9  0.5 -1.2  3.  -1.6 -2.3 -1.2 -0.  -1.5  3.2 -0.4 -0.1 -0.2  1.3 -0.3  1.5  4.2 -1.9  7.8  8.8  3.8 -1.  -0.2  1.4 -1.  -0.7  4.3 -0.1 -0.2 -0.6 10.   0.7  1.6  3.   7.1  1.5  5.7 -0.1  8.1  2.4  4.6  2.4  1.2 -0.3 -0.6  1.3  8.6 -0.3  3.2 -0.8 -0.9  7.9  4.3  1.4  2.   8.2 -0.5 -1.5 -0.2 -0.3 -0.7 -1.2  2.9 -1.5  1.8  0.2 -0.1  1.7  1.4  3.3 -1.8 -1.5 -1.4 -0.6  0.9  2.   3.9  0.1 -0.5  9.5 -0.5 -0.3 -2.1 -0.1  3.7  6.1  0.4  0.5  3.8 -0.4 -0.1  5.2]
vy_50sample [[2 8 4 5 8 2 8]
 [7 1 7 9 1 1 1]
 [9 3 3 9 3 5 6]
 [6 6 6 6 6 6 6]
 [3 9 3 0 3 9 3]
 [2 3 5 3 3 9 3]
 [0 7 0 0 5 3 0]
 [3 8 0 3 5 7 8]
 [5 1 1 1 1 1 1]
 [4 4 4 1 0 6 5]]
vt_50sample [[8 9 1 4 7 3 7]
 [6 2 6 0 9 6 2]
 [1 0 9 7 4 8 4]
 [9 8 7 7 6 8 8]
 [2 1 0 4 2 6 5]
 [1 7 3 6 6 8 0]
 [4 7 5 3 9 4 7]
 [7 3 1 0 0 7 4]
 [0 7 9 9 5 8 2]
 [6 0 5 7 1 3 5]]
Epoch   910: Training cost= 0.0334, Training acc= 0.7140, Validation cost= 7.9797, Validation acc= 0.1212
Epoch   920: Training cost= 0.0285, Training acc= 0.7171, Validation cost= 8.0531, Validation acc= 0.1211
Epoch   930: Training cost= 0.0252, Training acc= 0.7201, Validation cost= 8.0895, Validation acc= 0.1210
Epoch   940: Training cost= 0.0222, Training acc= 0.7231, Validation cost= 8.1650, Validation acc= 0.1210
Epoch   950: Training cost= 0.0202, Training acc= 0.7260, Validation cost= 8.1893, Validation acc= 0.1209
Epoch   960: Training cost= 0.0193, Training acc= 0.7289, Validation cost= 8.2398, Validation acc= 0.1209
Epoch   970: Training cost= 0.0172, Training acc= 0.7317, Validation cost= 8.3152, Validation acc= 0.1208
Epoch   980: Training cost= 0.0166, Training acc= 0.7344, Validation cost= 8.3664, Validation acc= 0.1208
Epoch   990: Training cost= 0.0160, Training acc= 0.7371, Validation cost= 8.4106, Validation acc= 0.1208
Epoch  1000: Training cost= 0.0164, Training acc= 0.7397, Validation cost= 8.4400, Validation acc= 0.1207
tm  [-0.9  1.6  3.9  6.   4.6  1.   1.1  3.   4.5  2.4  2.3  0.8  4.3 -0.7  5.2  3.2 -3.3  3.8 -0.2 -1.4  5.8 -3.1  2.9  7.2 -0.5  2.6 -0.6 -2.6 -0.4 -1.9  3.9 -0.4 10.2  3.1  3.3  1.   3.6 -2.1  1.2  1.5  2.4  0.2 -0.8  7.5  0.1  3.7 -0.3 -0.4  8.8 -0.4 -2.2  3.   1.9  2.1  1.3 -1.9 -1.  -2.5 -0.2  1.7  4.5  1.4  0.3 -0.5 -2.   1.5  2.3  1.4 -0.7  5.2 -1.6 -1.7  4.7 -0.4  3.7  3.5  2.   4.7  4.1 -0.1  2.8  0.2 -0.2 -0.6  0.4  1.1  0.1 -0.8 -0.5  1.2  0.8 -0.6  9.9  4.2 -0.7  4.6 -1.6 -0.6  1.9  2.3 -2.5 -1.1 -0.1  6.4  1.9  0.5 -0.   3.   6.   3.2 -1.2  5.4  0.6  3.   0.8  4.5 -0.9 -0.3 -0.4  3.9 -2.6 -0.5 -0.8  4.1 -1.2  1.5 -0.2  5.2  3.4 -0.1  4.9 -1.6  2.7 -1.7  1.7 -0.7 -1.8 -1.  -0.4 -0.9  1.1 -1.1 -0.1  1.  -1.  -0.8 -2.1 -0.6 -0.4 -1.4 -1.6 -0.7 -0.5  3.  -0.  -1.7 -2.1 -0.4  3.7  0.5 -1.5 -0.7  5.7 -1.6 -2.2 -0.7 -0.8  5.6 -1.5 -1.5 -1.5 -0.   7.4  8.2 -0.4 -0.5  1.7  5.  -1.1 -0.3  4.7 -1.9  0.7 -0.4 -0.2  2.3  4.6 -1.7 -0.3 -0.8 -0.8 10.5  3.6 -0.6  1.7 -0.7  3.   0.1  4.1  7.  -0.3  5.3  2.3  1.   8.6  0.9 -0.6  4.4  2.6  6.1  2.   9.3  1.5 -0.3 -1.1  2.2 -1.   4.9  2.2  1.9  1.7  1.5  0.5  4.8  9.7  2.3  0.2 -1.5  4.9 -0.4 -0.7 -1.5 -0.   3.6 -1.3 -2.7  2.7 -0.8 -0.2  1.4 -0.7 -0.7  3.   1.7 -1.1  2.1  6.1 -1.   0.6 -0.5 -0.4 -0.7 -0.4  3.9 -0.2  4. ]
ty_50sample [[5 0 3 3 7 9 3]
 [6 5 3 1 8 0 4]
 [4 1 3 3 9 2 5]
 [7 2 3 9 7 6 6]
 [4 9 9 5 4 4 9]
 [6 3 4 4 3 6 5]
 [2 1 0 1 0 1 1]
 [9 2 1 0 1 6 3]
 [7 3 6 1 0 2 2]
 [6 2 6 9 5 3 7]]
tt_50sample [[5 0 3 3 7 9 3]
 [6 5 3 1 8 0 4]
 [4 1 3 3 9 2 5]
 [7 2 3 9 7 6 6]
 [4 9 9 5 4 4 9]
 [6 3 4 4 3 6 5]
 [2 1 0 1 0 1 1]
 [9 2 1 0 1 6 3]
 [7 3 6 1 0 2 2]
 [6 2 6 9 5 3 7]]
vm  [-1.4 -0.1  1.3  1.5  4.7 -0.8  0.4  2.8  1.5  9.9 -0.3  8.2  3.   0.1  5.8 -0.6  0.6  8.5 -1.  -1.  -0.3 -0.9  5.6  1.5 -1.6  1.8  2.   1.9  2.3  3.  -1.7  1.3  0.7 -0.7 -0.9  4.5  4.  -0.8  2.4 -0.3 -0.3  8.2  0.7  2.7  3.5  5.6  3.   7.3  1.6 -0.3  0.1  0.2 -0.5  1.   0.  -0.9  0.7  2.6  1.1 -1.4  3.6  6.2  0.6 -1.5 -1.6  2.6 -0.4  0.4 -0.4 -0.8 -1.   5.   0.  -0.5  6.6 -0.9 -0.5 -0.   5.9 -0.3  2.6  1.8  2.5  5.5 -0.6  0.4 -0.   3.1  2.5  1.  -0.   0.2  0.2 -0.6 -1.1  0.5 -1.   3.3  5.6 -0.9  1.3 -2.  -1.8 -1.8  5.  -0.2 -0.1 -0.9  1.1  5.8  5.4 -0.4 -0.9 -0.2  3.5  2.   1.5 -0.7  4.9  1.9 -0.1  8.7  5.8  7.9  1.3  5.3  0.5  7.1 -0.2  3.2  4.8 -1.4  2.   1.3  3.4 -0.2  2.8 -0.2 -0.6 -0.  -0.2 -1.1  3.9 -0.6 -0.  -0.5 -0.8  2.   0.3 -1.   4.7  1.6 -1.1  7.9  1.6 -1.2 -2.1 -0.5  1.2  6.4 -2.  -1.5  1.7 -0.4  2.   0.2 -1.3  3.1 -1.6 -2.5 -1.3 -0.  -1.6  3.7 -0.4 -0.  -0.2  1.4 -0.4  1.7  4.3 -2.2  8.3  9.7  4.  -1.1 -0.3  1.5 -1.1 -0.7  4.4 -0.1 -0.3 -0.6 11.   0.7  1.7  3.3  7.3  1.8  5.9 -0.2  9.   2.   4.6  2.9  1.3 -0.2 -0.5  1.5  9.1 -0.3  3.4 -0.8 -0.9  8.1  4.6  1.9  1.8  8.7 -0.5 -1.7 -0.3 -0.4 -0.6 -1.3  3.  -1.8  1.7 -0.1 -0.1  1.7  1.4  3.1 -1.8 -1.6 -1.5 -0.5  1.3  2.3  4.5  0.1 -0.5 10.1 -0.5 -0.2 -2.1 -0.1  3.6  6.5  0.4  0.5  3.9 -0.3 -0.2  5.9]
vy_50sample [[2 5 4 5 4 2 8]
 [7 1 1 9 1 1 1]
 [9 3 3 9 3 5 5]
 [6 6 6 6 5 6 6]
 [3 9 3 0 3 3 3]
 [3 3 5 5 3 9 3]
 [5 5 0 0 5 5 0]
 [3 8 0 3 5 7 8]
 [5 1 1 1 1 1 1]
 [4 4 4 1 0 6 5]]
vt_50sample [[8 9 1 4 7 3 7]
 [6 2 6 0 9 6 2]
 [1 0 9 7 4 8 4]
 [9 8 7 7 6 8 8]
 [2 1 0 4 2 6 5]
 [1 7 3 6 6 8 0]
 [4 7 5 3 9 4 7]
 [7 3 1 0 0 7 4]
 [0 7 9 9 5 8 2]
 [6 0 5 7 1 3 5]]
Epoch  1010: Training cost= 0.0183, Training acc= 0.7423, Validation cost= 8.4829, Validation acc= 0.1207
Epoch  1020: Training cost= 0.0195, Training acc= 0.7448, Validation cost= 8.4923, Validation acc= 0.1206
Epoch  1030: Training cost= 0.0460, Training acc= 0.7473, Validation cost= 8.4421, Validation acc= 0.1206
Epoch  1040: Training cost= 0.2537, Training acc= 0.7496, Validation cost= 8.7398, Validation acc= 0.1205
Epoch  1050: Training cost= 7.1355, Training acc= 0.7459, Validation cost= 8.0864, Validation acc= 0.1204
Epoch  1060: Training cost= 4.5276, Training acc= 0.7421, Validation cost= 6.7756, Validation acc= 0.1203
Epoch  1070: Training cost= 4.1014, Training acc= 0.7395, Validation cost= 6.4355, Validation acc= 0.1203
Epoch  1080: Training cost= 3.8439, Training acc= 0.7380, Validation cost= 6.4792, Validation acc= 0.1202
Epoch  1090: Training cost= 3.6847, Training acc= 0.7374, Validation cost= 6.5471, Validation acc= 0.1202
Epoch  1100: Training cost= 3.3115, Training acc= 0.7373, Validation cost= 6.5149, Validation acc= 0.1202
tm  [-0.7 -0.2  0.2  4.   0.9 -0.5  0.2  1.2  0.3  2.   1.9 -0.4  1.  -0.8  0.2 -1.  -1.5  2.9 -1.  -1.2 -0.3 -1.9  2.6  3.1  0.2  1.9 -0.7 -1.  -0.8 -1.6  0.3 -0.5  2.2  3.1  3.2 -0.9  0.9 -0.8  0.9 -0.5  2.4  0.7 -0.9  2.2 -0.6  1.4  0.5 -0.6  4.5 -0.1 -2.2  2.3 -0.5  0.9  0.1 -1.2 -0.7 -1.7 -0.8 -0.5 -0.   0.7 -0.7 -0.7 -1.6  1.2  1.1  0.1 -0.5  0.3 -1.4 -0.8  4.7 -0.3  0.2  1.9  1.   0.5  0.8 -0.4 -0.8 -0.1  0.1 -0.4  1.5 -0.2 -0.  -1.5 -1.1  0.8 -0.4 -1.   5.9 -0.3 -0.7  3.4 -0.6  0.4  1.8  1.2 -1.6 -0.5 -0.8 -0.2 -0.1 -0.2 -0.2  1.   3.1 -0.2 -0.4  1.8 -1.3  1.3  0.3  0.8 -0.6 -0.1  1.4  2.5 -1.3 -1.8 -0.6  0.2 -0.6  1.1 -0.3  1.5  0.7  0.3  2.2  0.7  1.  -0.8 -0.8 -0.4 -1.4 -1.   0.4 -0.3  0.7 -1.3 -0.2  2.1 -0.4 -0.9 -1.4 -1.  -0.7 -1.6 -0.6 -1.3  0.8  2.9 -0.2 -0.5 -0.7 -0.5 -0.  -0.5 -1.3 -0.9  1.3 -1.  -0.9 -1.2 -0.7  3.2 -1.2 -1.  -1.4 -0.4  2.3  4.4 -0.1 -0.5 -0.3  1.8 -1.3 -0.4  1.  -0.8 -0.2 -0.3 -0.5  0.8 -0.  -0.8 -0.5 -0.6 -1.1  3.9 -0.4 -0.   0.2 -0.9 -0.2 -0.1  1.2  3.4  0.1  3.3  3.1  0.8  5.  -1.1 -1.   2.2 -0.9  2.  -0.5  3.8  0.4 -0.8 -1.2  1.  -0.5  0.3  1.2 -0.3 -0.3  1.   2.1  0.7  2.6 -0.2  0.1 -1.3 -0.3 -0.4 -0.7 -1.2 -0.1  2.5 -0.6 -2.  -0.1 -0.6 -0.2  1.2 -0.5 -0.8  2.2  1.5 -0.8  2.   0.4 -1.2 -0.  -0.3 -0.2 -0.5  0.1 -0.  -0.9  1.2]
ty_50sample [[5 0 7 7 7 9 9]
 [5 5 8 1 4 0 0]
 [9 1 1 9 9 2 5]
 [7 2 9 9 7 2 7]
 [4 9 9 5 4 4 9]
 [5 7 4 4 5 4 5]
 [6 6 6 6 6 6 6]
 [1 2 1 0 1 1 1]
 [7 8 7 1 0 2 2]
 [2 2 9 9 5 2 7]]
tt_50sample [[5 0 3 3 7 9 3]
 [6 5 3 1 8 0 4]
 [4 1 3 3 9 2 5]
 [7 2 3 9 7 6 6]
 [4 9 9 5 4 4 9]
 [6 3 4 4 3 6 5]
 [2 1 0 1 0 1 1]
 [9 2 1 0 1 6 3]
 [7 3 6 1 0 2 2]
 [6 2 6 9 5 3 7]]
vm  [-1.8 -0.2 -0.2 -0.1 -0.4 -0.8 -0.4 -0.5 -0.4  4.2 -0.2  4.8 -0.1  0.2  2.4  1.2  1.7  4.1 -1.  -0.5 -0.2  1.1  1.7 -0.  -0.7  1.1  2.2  0.7  0.8 -0.5 -1.2  1.  -0.4 -0.2 -0.5 -0.2  1.6 -0.3  2.7 -0.5 -0.2  5.3 -0.4 -0.2  1.   2.8  3.8  2.3 -0.6 -0.9 -0.3 -0.2 -0.4  0.2  0.8 -0.5 -0.1 -1.5 -0.8 -0.9 -0.   3.1 -0.3 -1.2 -0.3  2.8 -1.3  1.2 -0.5 -1.  -0.5  1.   0.1 -0.4  3.1 -0.6  0.5 -1.   4.5  0.3  1.2  0.6  0.4  1.1 -0.1  0.1  1.  -0.4  0.9 -0.2 -0.6 -0.3 -0.6 -0.8 -0.7 -0.1 -1.3  2.8  3.6 -0.1  2.  -0.9 -1.8 -1.8  0.9 -0.7 -0.4  0.5 -0.1  1.5  2.9 -0.8 -0.6 -0.9  1.5  0.5 -0.3 -0.   1.4  0.3 -0.6  2.4  4.2 -0.7  0.1  2.   0.5  5.5 -1.   0.   1.3 -0.4 -0.2  1.7  0.7 -0.6  0.8  1.4 -0.   1.9 -0.1 -0.7  1.6 -0.4  2.2 -1.2 -0.8  0.2 -0.1 -0.8  2.3  1.4 -0.4  3.4 -0.5 -0.6 -1.5 -0.8  0.1  1.8 -1.1 -0.7 -0.3 -0.   3.   0.7 -1.2 -0.2 -0.6 -1.5 -0.8 -0.7 -0.8 -0.6  0.6  2.8 -0.5  0.9 -0.7 -0.1  2.6 -1.   3.1  2.4  1.3 -1.  -1.3 -0.  -0.3 -0.6  0.9 -0.9 -0.7  0.3  5.6 -0.7 -0.1  0.9  2.7  2.4  3.5 -0.2  3.6  2.9  2.  -0.7 -0.9 -0.4 -0.5 -0.2  3.2 -0.9  1.4 -0.9 -0.6  1.4  1.  -0.5 -0.1  2.  -1.2 -1.4 -0.7 -0.8 -1.1 -0.9  2.5 -0.8 -0.3  1.5 -0.6  1.8  0.4  1.6 -1.7 -1.1 -0.9 -0.8 -0.1  2.2  1.1  1.9 -0.5  5.5 -0.2 -0.5 -2.4 -0.6  0.3  1.9 -0.5  0.6  1.3 -0.4 -0.3 -1.1]
vy_50sample [[2 5 2 2 1 8 5]
 [4 9 0 9 1 1 9]
 [9 6 5 9 1 5 6]
 [4 9 5 8 9 9 9]
 [0 1 1 0 1 9 5]
 [4 7 4 5 7 4 4]
 [0 7 7 5 5 5 7]
 [7 8 7 7 9 7 8]
 [0 0 0 9 0 1 9]
 [4 4 4 1 0 4 5]]
vt_50sample [[8 9 1 4 7 3 7]
 [6 2 6 0 9 6 2]
 [1 0 9 7 4 8 4]
 [9 8 7 7 6 8 8]
 [2 1 0 4 2 6 5]
 [1 7 3 6 6 8 0]
 [4 7 5 3 9 4 7]
 [7 3 1 0 0 7 4]
 [0 7 9 9 5 8 2]
 [6 0 5 7 1 3 5]]
Epoch  1110: Training cost= 2.1135, Training acc= 0.7367, Validation cost= 5.5557, Validation acc= 0.1202
Epoch  1120: Training cost= 0.9529, Training acc= 0.7361, Validation cost= 4.7473, Validation acc= 0.1201
Epoch  1130: Training cost= 0.6171, Training acc= 0.7364, Validation cost= 4.6991, Validation acc= 0.1201
Epoch  1140: Training cost= 0.4171, Training acc= 0.7376, Validation cost= 4.8719, Validation acc= 0.1200
Epoch  1150: Training cost= 0.3053, Training acc= 0.7394, Validation cost= 5.0331, Validation acc= 0.1199
Epoch  1160: Training cost= 0.2364, Training acc= 0.7414, Validation cost= 5.2312, Validation acc= 0.1199
Epoch  1170: Training cost= 0.1904, Training acc= 0.7436, Validation cost= 5.4127, Validation acc= 0.1198
Epoch  1180: Training cost= 0.1583, Training acc= 0.7457, Validation cost= 5.5896, Validation acc= 0.1197
Epoch  1190: Training cost= 0.1349, Training acc= 0.7479, Validation cost= 5.7504, Validation acc= 0.1196
Epoch  1200: Training cost= 0.1171, Training acc= 0.7500, Validation cost= 5.8932, Validation acc= 0.1195
tm  [-0.9 -0.4  0.3  4.3  0.5  0.1  0.4  3.1 -0.3  3.4  2.1 -0.5  2.2 -0.7  0.  -1.  -1.8  2.4 -1.6 -1.3 -0.6 -2.3  2.4  4.7 -0.   2.1 -0.4 -1.5 -0.9 -1.6  1.7 -0.9  2.7  1.6  4.3 -0.2  1.  -1.  -0.4  0.9  2.5  1.5 -1.   3.4 -0.3  1.1  0.2 -1.2  5.8 -0.  -2.8  1.7 -0.6  3.1  2.1 -1.4 -1.3 -1.8 -1.  -0.8  1.3 -0.3 -0.7 -0.9 -2.1  0.7  0.8  1.6 -0.5  0.6 -1.3 -1.2  4.9  0.2 -0.2  4.5  1.2  2.2  1.6  0.  -0.8 -0.5 -0.6 -0.8  2.3 -0.3 -0.6 -1.3 -1.4  1.  -0.7 -1.1  6.4  0.1 -0.8  3.2 -0.7  1.4 -0.1  1.6 -1.6  0.4 -0.7 -0.  -0.1  0.4  0.2 -0.2  4.5 -0.3 -0.8  2.3 -1.1  2.2  0.8 -0.  -0.8 -0.1  1.   2.6 -1.9 -2.  -1.1  0.  -0.4  1.4 -0.1  0.7 -0.2  0.9  2.  -0.1  1.6 -0.8 -0.7 -0.5 -1.8 -1.4  0.6  0.7  1.5 -1.3 -0.8  1.2 -0.  -1.  -1.8 -1.4 -1.3 -1.8 -0.9 -1.3  0.2  1.1 -0.2 -1.  -1.  -0.2  0.1 -0.5 -0.7 -0.6  1.1 -1.7 -1.6 -1.  -0.6  4.2 -0.9 -0.8 -1.5 -0.5  5.   6.1 -0.4 -0.7 -0.3  1.8 -1.9 -0.1  2.1 -0.7 -0.2 -0.4 -0.8  1.4  0.3 -1.  -0.2 -0.9 -1.3  6.2 -0.  -0.4  0.1 -0.8  0.8 -0.2 -0.   6.9 -0.1  4.8  1.7  2.9  6.7 -1.  -0.9  2.7 -0.3  3.6 -0.3  4.2  0.5 -0.1 -1.2  1.8 -0.6  0.1  1.1 -0.2 -0.4  1.   0.6  2.8  6.4  1.   0.9 -1.3  0.3 -0.5 -0.2 -1.1 -0.2  3.5 -0.8 -2.2  1.5 -0.9 -0.3  2.2 -0.6 -1.1  3.4  1.3 -1.2  2.9  1.9 -0.8  1.3 -0.2 -0.8 -0.5  1.2 -0.1 -1.2 -0. ]
ty_50sample [[5 0 3 3 7 9 3]
 [6 5 3 1 8 0 4]
 [4 1 3 3 9 2 5]
 [7 2 3 9 7 6 6]
 [4 9 9 5 4 4 9]
 [6 3 4 4 3 6 5]
 [2 1 0 1 0 1 1]
 [9 2 1 0 1 6 3]
 [7 3 6 1 0 2 2]
 [6 2 6 9 5 3 7]]
tt_50sample [[5 0 3 3 7 9 3]
 [6 5 3 1 8 0 4]
 [4 1 3 3 9 2 5]
 [7 2 3 9 7 6 6]
 [4 9 9 5 4 4 9]
 [6 3 4 4 3 6 5]
 [2 1 0 1 0 1 1]
 [9 2 1 0 1 6 3]
 [7 3 6 1 0 2 2]
 [6 2 6 9 5 3 7]]
vm  [-1.6 -0.6 -0.1 -0.2  0.  -0.9 -0.3 -0.4 -0.4  6.9 -0.3  6.   0.2 -0.2  3.5  1.2  2.6  6.6 -0.9 -0.1 -0.1  0.3  1.6  0.4 -1.1  0.7  2.2  1.3  0.2 -0.2 -1.4  1.6 -0.8 -1.  -0.8 -0.   2.5 -0.   1.7 -0.2  0.7  6.  -0.3 -0.4 -0.1  3.6  3.6  3.5  0.2 -0.7 -0.4 -0.1  0.1  1.8  0.5 -0.8 -0.1 -1.2 -0.6 -0.7  1.5  3.6 -0.7 -1.7 -0.6  2.7 -1.8  1.4 -0.5 -1.3 -0.4  1.3  0.8 -0.4  4.1 -0.7  0.1 -0.8  6.5  1.1  1.7  0.2  1.2 -0.2  0.4 -0.5 -0.1 -0.1  0.4 -0.2 -0.6 -0.3 -0.7 -1.  -0.9 -0.4 -1.7  3.3  3.3 -0.   2.2 -0.8 -1.5 -1.8  1.1 -0.8 -1.  -0.6 -0.2  0.1  3.2 -0.8 -0.3 -0.1  0.5 -0.  -0.3 -0.   2.5  0.2 -0.6  5.1  4.3 -0.2  0.1  2.7  1.4  5.9 -0.9  0.3  1.3 -0.4  0.1  0.5 -0.  -0.8  0.3  0.2 -0.   3.1 -0.4 -1.   0.4 -0.7  2.3 -1.3 -0.6  0.3 -0.3 -0.7  3.1  0.4 -0.5  1.8 -0.2 -0.6 -1.6 -1.  -0.2  1.9 -1.2 -0.9 -0.1 -0.3  2.4  0.9 -1.4  0.3 -1.3 -1.6 -0.9 -1.  -1.1  0.1  0.2  0.9 -0.2  1.3 -0.6 -0.   4.6 -0.9  4.8  3.2  0.6 -1.  -1.4 -0.  -0.5 -0.8  1.8 -0.8 -0.6  0.3  5.6 -1.1 -0.7  0.7  3.3  4.6  4.3 -0.5  2.8  2.7  5.  -0.5 -0.4 -0.5 -0.6  0.1  3.6 -1.3  1.2 -1.  -0.8  1.8  1.4 -0.6 -0.2  2.8 -0.7 -1.8 -1.1 -0.5 -0.9 -1.   2.2 -1.1 -0.7  1.1 -0.7  1.2 -0.   2.9 -1.6 -1.2 -1.1 -0.9 -0.3  1.4  0.6  1.5 -0.2  6.4 -0.  -0.3 -2.  -0.5  1.5  3.3 -0.7 -0.1  1.9 -0.4 -0.3 -1. ]
vy_50sample [[2 1 2 2 1 8 5]
 [4 1 0 9 1 1 1]
 [9 9 5 0 3 5 6]
 [6 9 6 6 5 9 0]
 [6 6 6 0 1 3 6]
 [4 3 4 5 4 6 4]
 [6 6 3 0 9 3 0]
 [8 8 7 7 5 7 8]
 [0 0 0 9 0 0 0]
 [3 4 4 0 0 6 9]]
vt_50sample [[8 9 1 4 7 3 7]
 [6 2 6 0 9 6 2]
 [1 0 9 7 4 8 4]
 [9 8 7 7 6 8 8]
 [2 1 0 4 2 6 5]
 [1 7 3 6 6 8 0]
 [4 7 5 3 9 4 7]
 [7 3 1 0 0 7 4]
 [0 7 9 9 5 8 2]
 [6 0 5 7 1 3 5]]
Epoch  1210: Training cost= 0.1032, Training acc= 0.7520, Validation cost= 6.0239, Validation acc= 0.1194
Epoch  1220: Training cost= 0.0922, Training acc= 0.7541, Validation cost= 6.1434, Validation acc= 0.1193
Epoch  1230: Training cost= 0.0831, Training acc= 0.7561, Validation cost= 6.2555, Validation acc= 0.1192
Epoch  1240: Training cost= 0.0755, Training acc= 0.7580, Validation cost= 6.3581, Validation acc= 0.1191
Epoch  1250: Training cost= 0.0690, Training acc= 0.7600, Validation cost= 6.4544, Validation acc= 0.1191
Epoch  1260: Training cost= 0.0635, Training acc= 0.7619, Validation cost= 6.5448, Validation acc= 0.1190
Epoch  1270: Training cost= 0.0586, Training acc= 0.7637, Validation cost= 6.6283, Validation acc= 0.1189
Epoch  1280: Training cost= 0.0544, Training acc= 0.7656, Validation cost= 6.7069, Validation acc= 0.1188
Epoch  1290: Training cost= 0.0507, Training acc= 0.7674, Validation cost= 6.7817, Validation acc= 0.1187
Epoch  1300: Training cost= 0.0473, Training acc= 0.7692, Validation cost= 6.8536, Validation acc= 0.1187
tm  [-0.8 -0.6  0.6  4.8  0.9  0.2  0.5  3.9 -0.3  4.3  1.9 -0.6  2.6 -0.7  0.1 -1.1 -2.   2.8 -1.8 -1.3 -0.7 -2.6  2.7  5.5 -0.   2.8 -0.4 -1.6 -1.1 -1.7  2.  -1.1  3.1  1.5  4.3 -0.   1.2 -1.  -0.6  1.1  2.6  1.7 -1.   3.9 -0.2  1.5 -0.  -1.3  6.8  0.1 -3.   1.5 -0.7  3.4  2.4 -1.5 -1.5 -2.1 -0.9 -1.1  1.9 -0.5 -0.7 -1.2 -2.5  0.8  1.   2.1 -0.7  0.6 -1.4 -1.3  5.2  0.3 -0.1  5.1  1.4  2.5  1.6  0.  -0.9 -0.4 -0.7 -0.9  2.6 -0.4 -0.7 -1.3 -1.6  1.  -0.7 -1.3  6.9  0.4 -1.   3.7 -0.7  1.9 -0.2  1.9 -1.8  0.8 -0.9 -0.1 -0.1 -0.   0.4 -0.3  5.  -0.2 -1.   2.3 -1.2  2.5  0.9 -0.  -1.  -0.1  1.1  2.7 -2.3 -2.  -1.3  0.2 -0.4  1.1  0.   0.8 -0.2  1.1  1.9 -0.1  1.9 -0.8 -0.7 -0.6 -2.  -1.7  0.4  0.9  2.  -1.5 -1.   1.5  0.2 -1.1 -1.9 -1.5 -1.4 -1.9 -0.9 -1.2  0.2  1.3 -0.1 -1.1 -1.  -0.1  0.1 -0.4 -0.7 -0.5  0.9 -2.  -1.8 -1.1 -0.5  4.7 -1.  -0.9 -1.7 -0.6  6.1  7.2 -0.4 -0.8 -0.2  2.3 -2.1 -0.1  2.1 -0.7 -0.2 -0.4 -0.8  2.   0.4 -1.3 -0.1 -1.  -1.4  6.8  0.1 -0.5  0.1 -0.9  1.  -0.   0.4  7.8  0.2  5.4  2.1  3.6  7.6 -1.  -0.8  2.8 -0.4  4.1 -0.3  4.8  0.7 -0.2 -1.3  2.2 -0.5  0.   0.8 -0.2 -0.4  1.   0.9  3.4  7.5  0.9  0.8 -1.4  0.4 -0.5 -0.2 -1.2 -0.2  3.7 -0.9 -2.4  1.8 -0.8 -0.2  2.1 -0.6 -1.3  3.8  1.3 -1.2  3.2  3.  -0.8  1.4 -0.1 -0.9 -0.6  1.   0.1 -1.4  0.3]
ty_50sample [[5 0 3 3 7 9 3]
 [6 5 3 1 8 0 4]
 [4 1 3 3 9 2 5]
 [7 2 3 9 7 6 6]
 [4 9 9 5 4 4 9]
 [6 3 4 4 3 6 5]
 [2 1 0 1 0 1 1]
 [9 2 1 0 1 6 3]
 [7 3 6 1 0 2 2]
 [6 2 6 9 5 3 7]]
tt_50sample [[5 0 3 3 7 9 3]
 [6 5 3 1 8 0 4]
 [4 1 3 3 9 2 5]
 [7 2 3 9 7 6 6]
 [4 9 9 5 4 4 9]
 [6 3 4 4 3 6 5]
 [2 1 0 1 0 1 1]
 [9 2 1 0 1 6 3]
 [7 3 6 1 0 2 2]
 [6 2 6 9 5 3 7]]
vm  [-1.8 -0.6 -0.3 -0.1  0.1 -1.  -0.3 -0.7 -0.4  7.9 -0.4  6.9  0.2 -0.   3.5  1.5  3.3  7.8 -1.1 -0.2 -0.   0.2  1.8  0.7 -1.3  0.9  2.7  1.7  0.3 -0.1 -1.6  1.5 -0.9 -1.2 -0.8  0.4  2.7 -0.1  2.3 -0.1  1.1  7.1 -0.5 -0.4  0.   4.1  4.1  3.5  0.1 -0.7 -0.5 -0.2 -0.   1.7  1.  -0.9 -0.1 -1.2 -0.7 -1.   2.2  4.4 -0.8 -2.  -0.8  3.3 -2.   1.8 -0.3 -1.3 -0.5  1.7  1.7 -0.3  4.8 -1.   0.3 -0.8  7.4  1.1  2.2  0.1  1.4 -0.1  0.7 -0.6 -0.  -0.1 -0.1 -0.3 -0.8 -0.3 -0.8 -1.1 -1.  -0.6 -1.9  3.9  3.6  0.3  2.5 -0.9 -1.7 -2.   1.8 -0.8 -1.  -0.7 -0.3  0.3  3.1 -0.7 -0.4 -0.   0.9 -0.1 -0.3  0.3  3.5  0.2 -0.6  6.   5.  -0.1  0.2  3.1  2.1  6.9 -1.1  0.7  1.9 -0.4  0.1  0.6  0.1 -0.9  0.7 -0.1  0.4  3.4 -0.5 -1.1  0.5 -0.7  2.7 -1.4 -0.8  0.5 -0.5 -0.6  3.3  0.4 -0.4  2.4 -0.1 -0.7 -1.8 -1.  -0.3  2.6 -1.2 -1.2 -0.1 -0.5  2.4  0.8 -1.5  0.8 -1.6 -1.8 -1.  -1.1 -1.1 -0.   0.4  1.5 -0.2  1.5 -0.8 -0.   5.2 -1.   5.5  4.   0.3 -1.2 -1.6  0.5 -0.7 -0.9  2.  -1.  -0.6  0.1  6.3 -1.2 -0.7  1.3  3.9  5.5  4.8 -0.6  2.8  2.4  5.8 -0.4 -0.5 -0.6 -0.5  0.1  3.8 -1.5  1.4 -1.  -0.9  2.2  1.7 -0.6 -0.2  3.1 -0.9 -2.2 -1.3 -0.5 -0.9 -1.1  2.5 -1.5 -0.9  1.2 -0.6  0.8 -0.1  3.2 -1.9 -1.2 -1.2 -1.  -0.3  2.   1.3  1.9 -0.2  7.1 -0.1 -0.4 -2.2 -0.6  1.5  3.7 -0.7 -0.1  3.  -0.3 -0.4 -1.2]
vy_50sample [[2 1 2 2 1 8 5]
 [6 1 0 9 1 1 1]
 [9 0 5 0 3 5 6]
 [6 9 6 6 5 9 0]
 [6 6 1 0 6 9 6]
 [4 5 4 5 4 9 9]
 [6 6 3 0 5 3 0]
 [8 8 7 7 5 7 8]
 [6 0 0 9 0 2 0]
 [3 4 4 0 3 6 3]]
vt_50sample [[8 9 1 4 7 3 7]
 [6 2 6 0 9 6 2]
 [1 0 9 7 4 8 4]
 [9 8 7 7 6 8 8]
 [2 1 0 4 2 6 5]
 [1 7 3 6 6 8 0]
 [4 7 5 3 9 4 7]
 [7 3 1 0 0 7 4]
 [0 7 9 9 5 8 2]
 [6 0 5 7 1 3 5]]
Epoch  1310: Training cost= 0.0444, Training acc= 0.7710, Validation cost= 6.9229, Validation acc= 0.1186
Epoch  1320: Training cost= 0.0417, Training acc= 0.7727, Validation cost= 6.9886, Validation acc= 0.1186
Epoch  1330: Training cost= 0.0393, Training acc= 0.7744, Validation cost= 7.0507, Validation acc= 0.1185
Epoch  1340: Training cost= 0.0371, Training acc= 0.7761, Validation cost= 7.1109, Validation acc= 0.1185
Epoch  1350: Training cost= 0.0351, Training acc= 0.7777, Validation cost= 7.1683, Validation acc= 0.1184
Epoch  1360: Training cost= 0.0333, Training acc= 0.7794, Validation cost= 7.2216, Validation acc= 0.1184
Epoch  1370: Training cost= 0.0317, Training acc= 0.7810, Validation cost= 7.2733, Validation acc= 0.1183
Epoch  1380: Training cost= 0.0301, Training acc= 0.7826, Validation cost= 7.3226, Validation acc= 0.1183
Epoch  1390: Training cost= 0.0287, Training acc= 0.7841, Validation cost= 7.3703, Validation acc= 0.1183
Epoch  1400: Training cost= 0.0274, Training acc= 0.7857, Validation cost= 7.4163, Validation acc= 0.1182
tm  [-0.8 -0.7  0.8  5.1  1.1  0.3  0.5  4.4 -0.3  5.   1.8 -0.5  2.7 -0.7  0.2 -1.2 -2.1  3.3 -1.9 -1.4 -0.8 -2.7  2.9  6.  -0.   3.3 -0.5 -1.6 -1.1 -1.8  2.1 -1.2  3.2  1.6  4.4  0.4  1.3 -0.9 -0.7  1.3  2.8  1.9 -1.   4.3 -0.2  1.7 -0.1 -1.4  7.5  0.3 -3.2  1.3 -0.7  3.6  2.6 -1.6 -1.6 -2.2 -0.7 -1.3  2.  -0.5 -0.7 -1.3 -2.7  0.7  1.1  2.3 -0.8  0.3 -1.5 -1.4  5.4  0.4 -0.   5.5  1.5  2.7  1.7  0.2 -1.  -0.4 -0.8 -1.   2.9 -0.4 -0.8 -1.3 -1.7  1.  -0.8 -1.3  7.2  0.7 -1.1  4.  -0.7  2.2 -0.3  2.1 -1.9  0.9 -0.9 -0.  -0.1 -0.1  0.5 -0.3  5.1 -0.1 -1.   2.3 -1.2  2.5  0.8 -0.  -1.1 -0.1  1.   2.9 -2.4 -2.1 -1.5  0.3 -0.4  1.1  0.3  0.7 -0.2  1.3  1.7 -0.1  2.  -0.8 -0.7 -0.6 -2.  -1.8  0.5  0.7  2.1 -1.5 -1.1  1.6  0.5 -1.2 -1.9 -1.6 -1.5 -2.  -0.9 -1.2  0.2  1.5 -0.1 -1.1 -1.   0.   0.1 -0.4 -0.7 -0.5  0.9 -2.1 -1.8 -1.2 -0.5  5.  -1.  -0.9 -1.7 -0.6  6.7  7.6 -0.4 -0.8 -0.1  2.4 -2.2 -0.1  2.1 -0.7 -0.2 -0.3 -0.8  2.2  0.4 -1.4 -0.1 -1.1 -1.5  7.1  0.3 -0.5  0.1 -1.   1.   0.3  0.7  8.3  0.6  5.7  2.3  3.9  8.  -1.  -0.8  2.9 -0.4  4.3 -0.3  5.2  0.9 -0.2 -1.3  2.4 -0.5 -0.   0.8 -0.2 -0.5  1.1  1.   3.8  7.9  0.8  0.8 -1.4  0.4 -0.5 -0.1 -1.2 -0.1  3.9 -0.9 -2.6  2.  -0.8 -0.2  2.2 -0.7 -1.3  4.   1.3 -1.2  3.4  3.6 -0.8  1.5 -0.1 -0.9 -0.7  1.   0.2 -1.5  0.5]
ty_50sample [[5 0 3 3 7 9 3]
 [6 5 3 1 8 0 4]
 [4 1 3 3 9 2 5]
 [7 2 3 9 7 6 6]
 [4 9 9 5 4 4 9]
 [6 3 4 4 3 6 5]
 [2 1 0 1 0 1 1]
 [9 2 1 0 1 6 3]
 [7 3 6 1 0 2 2]
 [6 2 6 9 5 3 7]]
tt_50sample [[5 0 3 3 7 9 3]
 [6 5 3 1 8 0 4]
 [4 1 3 3 9 2 5]
 [7 2 3 9 7 6 6]
 [4 9 9 5 4 4 9]
 [6 3 4 4 3 6 5]
 [2 1 0 1 0 1 1]
 [9 2 1 0 1 6 3]
 [7 3 6 1 0 2 2]
 [6 2 6 9 5 3 7]]
vm  [-1.9 -0.7 -0.5 -0.1  0.  -1.1 -0.3 -0.8 -0.4  8.5 -0.4  7.3  0.4  0.4  3.6  1.7  3.8  8.6 -1.1 -0.2 -0.2  0.4  1.8  0.9 -1.5  1.3  3.1  1.8  0.3 -0.1 -1.7  1.5 -1.  -1.3 -0.8  1.   2.8  0.   2.2 -0.1  1.3  7.9 -0.5 -0.4  0.1  4.2  4.3  3.6  0.2 -0.6 -0.6 -0.2 -0.   1.5  0.9 -0.9 -0.  -1.2 -0.8 -1.2  2.7  4.9 -0.8 -2.1 -0.8  3.4 -2.2  2.  -0.3 -1.3 -0.6  2.1  1.9 -0.3  5.1 -1.1  0.4 -0.7  7.9  1.   2.5 -0.   1.6  0.4  0.9 -0.6  0.3 -0.1 -0.2 -0.3 -0.8 -0.2 -0.9 -1.3 -1.1 -0.7 -2.   4.6  3.4  0.2  2.8 -1.  -1.8 -2.2  2.2 -0.8 -1.  -0.7 -0.3  0.2  3.3 -0.7 -0.5 -0.1  1.2 -0.1 -0.2  0.5  4.   0.3 -0.5  6.7  5.4 -0.   0.3  3.3  2.4  7.5 -1.1  0.9  2.  -0.3  0.1  0.6  0.5 -0.9  1.2 -0.   0.6  3.8 -0.6 -1.1  0.8 -0.5  2.9 -1.5 -0.9  0.8 -0.7 -0.7  3.8  0.3 -0.5  2.7 -0.1 -0.8 -2.  -1.  -0.3  3.1 -1.2 -1.4 -0.  -0.6  2.4  0.8 -1.5  1.1 -1.8 -1.8 -1.1 -1.2 -1.2 -0.2  0.5  1.8 -0.1  1.6 -0.8 -0.   5.7 -1.   5.8  4.4  0.3 -1.3 -1.7  1.  -0.8 -1.   2.2 -1.1 -0.7 -0.1  6.8 -1.2 -0.8  1.6  4.4  6.   5.1 -0.7  2.9  2.3  6.1 -0.3 -0.5 -0.6 -0.6 -0.   3.9 -1.7  1.5 -0.9 -1.   3.   2.1 -0.6 -0.3  3.4 -0.9 -2.5 -1.3 -0.5 -0.9 -1.1  2.5 -1.7 -1.   1.2 -0.4  0.8 -0.2  3.5 -2.1 -1.2 -1.2 -1.  -0.3  2.4  1.5  2.  -0.2  7.7 -0.1 -0.5 -2.3 -0.6  1.8  4.  -0.7 -0.1  3.7 -0.4 -0.4 -1.2]
vy_50sample [[2 1 2 2 1 8 5]
 [6 1 0 9 1 1 1]
 [0 0 5 0 3 5 6]
 [6 0 6 6 5 9 0]
 [6 6 1 0 6 9 6]
 [4 5 5 5 9 9 9]
 [6 6 3 0 5 3 0]
 [8 8 7 7 5 7 8]
 [6 0 0 9 0 2 0]
 [3 4 4 0 3 6 3]]
vt_50sample [[8 9 1 4 7 3 7]
 [6 2 6 0 9 6 2]
 [1 0 9 7 4 8 4]
 [9 8 7 7 6 8 8]
 [2 1 0 4 2 6 5]
 [1 7 3 6 6 8 0]
 [4 7 5 3 9 4 7]
 [7 3 1 0 0 7 4]
 [0 7 9 9 5 8 2]
 [6 0 5 7 1 3 5]]
Epoch  1410: Training cost= 0.0262, Training acc= 0.7872, Validation cost= 7.4608, Validation acc= 0.1182
Epoch  1420: Training cost= 0.0251, Training acc= 0.7887, Validation cost= 7.5039, Validation acc= 0.1181
Epoch  1430: Training cost= 0.0241, Training acc= 0.7902, Validation cost= 7.5453, Validation acc= 0.1181
Epoch  1440: Training cost= 0.0231, Training acc= 0.7916, Validation cost= 7.5855, Validation acc= 0.1181
Epoch  1450: Training cost= 0.0222, Training acc= 0.7931, Validation cost= 7.6247, Validation acc= 0.1180
Epoch  1460: Training cost= 0.0214, Training acc= 0.7945, Validation cost= 7.6626, Validation acc= 0.1180
Epoch  1470: Training cost= 0.0206, Training acc= 0.7959, Validation cost= 7.6998, Validation acc= 0.1180
Epoch  1480: Training cost= 0.0198, Training acc= 0.7973, Validation cost= 7.7359, Validation acc= 0.1179
Epoch  1490: Training cost= 0.0191, Training acc= 0.7986, Validation cost= 7.7709, Validation acc= 0.1179
Epoch  1500: Training cost= 0.0185, Training acc= 0.8000, Validation cost= 7.8048, Validation acc= 0.1178
tm  [-0.7 -0.8  0.9  5.3  1.2  0.6  0.6  4.8 -0.3  5.3  1.9 -0.5  2.6 -0.7 -0.  -1.3 -2.1  3.7 -2.  -1.4 -0.9 -2.7  3.1  6.4 -0.   3.7 -0.5 -1.6 -1.2 -1.8  2.1 -1.3  3.3  1.6  4.6  0.6  1.3 -0.9 -0.7  1.7  3.   2.1 -0.9  4.6 -0.2  1.8 -0.1 -1.4  8.   0.5 -3.3  1.2 -0.7  3.9  2.9 -1.7 -1.7 -2.4 -0.8 -1.4  2.4 -0.6 -0.8 -1.3 -2.9  0.6  1.2  2.3 -0.9  0.1 -1.5 -1.5  5.6  0.5 -0.   5.9  1.6  2.9  1.9  0.6 -1.1 -0.3 -0.8 -1.   3.3 -0.4 -0.8 -1.3 -1.8  1.1 -0.8 -1.4  7.5  0.8 -1.1  4.  -0.8  2.4 -0.4  2.2 -2.   1.2 -1.  -0.  -0.1 -0.1  0.5 -0.4  5.1 -0.  -1.2  2.3 -1.3  2.4  0.7 -0.  -1.1 -0.1  1.1  2.9 -2.5 -2.1 -1.5  0.5 -0.4  1.2  0.5  0.5 -0.1  1.4  1.6 -0.1  2.3 -0.8 -0.8 -0.6 -2.1 -1.9  0.6  0.7  2.3 -1.6 -1.1  1.8  0.5 -1.3 -2.  -1.6 -1.5 -2.1 -1.  -1.3  0.2  1.7 -0.1 -1.2 -1.1  0.2  0.  -0.4 -0.7 -0.5  1.  -2.3 -1.9 -1.3 -0.5  5.3 -1.  -1.  -1.7 -0.6  7.   8.  -0.4 -0.8 -0.1  2.4 -2.3 -0.1  2.  -0.7 -0.3 -0.3 -0.9  2.1  0.5 -1.4 -0.2 -1.1 -1.6  7.6  0.5 -0.4  0.2 -1.1  1.   0.7  0.8  8.6  0.8  5.9  2.2  4.1  8.3 -1.  -0.9  3.  -0.4  4.7 -0.3  5.6  1.1 -0.2 -1.3  2.6 -0.4  0.   0.8 -0.2 -0.5  1.3  1.1  4.1  8.4  0.9  0.9 -1.5  0.3 -0.6 -0.1 -1.2 -0.1  4.  -0.9 -2.6  2.  -0.9 -0.1  2.5 -0.7 -1.3  4.1  1.3 -1.2  3.3  4.1 -0.9  1.6 -0.1 -0.9 -0.6  1.1  0.4 -1.6  0.3]
ty_50sample [[5 0 3 3 7 9 3]
 [6 5 3 1 8 0 4]
 [4 1 3 3 9 2 5]
 [7 2 3 9 7 6 6]
 [4 9 9 5 4 4 9]
 [6 3 4 4 3 6 5]
 [2 1 0 1 0 1 1]
 [9 2 1 0 1 6 3]
 [7 3 6 1 0 2 2]
 [6 2 6 9 5 3 7]]
tt_50sample [[5 0 3 3 7 9 3]
 [6 5 3 1 8 0 4]
 [4 1 3 3 9 2 5]
 [7 2 3 9 7 6 6]
 [4 9 9 5 4 4 9]
 [6 3 4 4 3 6 5]
 [2 1 0 1 0 1 1]
 [9 2 1 0 1 6 3]
 [7 3 6 1 0 2 2]
 [6 2 6 9 5 3 7]]
vm  [-1.9 -0.8 -0.5 -0.1  0.  -1.1 -0.3 -0.8 -0.4  9.  -0.4  7.6  0.6  0.7  3.6  1.6  4.   9.2 -1.2 -0.1 -0.3  0.5  1.8  0.9 -1.6  1.6  3.3  1.8  0.3 -0.1 -1.7  1.6 -1.1 -1.4 -0.9  1.4  2.9  0.2  2.1 -0.   1.4  8.5 -0.5 -0.4  0.1  4.4  4.5  3.7  0.3 -0.6 -0.6 -0.2 -0.1  1.4  1.1 -0.9  0.2 -1.1 -0.8 -1.3  2.9  5.3 -0.8 -2.1 -0.9  3.3 -2.4  2.2 -0.3 -1.3 -0.6  2.5  1.9 -0.2  5.2 -1.2  0.4 -0.7  8.3  1.1  2.6 -0.   1.8  0.9  1.1 -0.5  0.5  0.1 -0.2 -0.3 -0.8 -0.2 -0.8 -1.4 -1.2 -0.7 -2.   5.   3.4  0.1  3.  -1.  -1.9 -2.4  2.3 -0.8 -1.1 -0.8 -0.4  0.2  3.6 -0.6 -0.4 -0.1  1.4 -0.1 -0.1  0.5  4.4  0.3 -0.4  7.1  5.6  0.1  0.4  3.5  2.7  7.8 -1.2  1.   2.1 -0.3  0.1  0.5  0.8 -0.9  1.4 -0.   0.8  4.  -0.6 -1.   1.  -0.5  3.1 -1.5 -1.   1.  -0.8 -0.7  4.1  0.2 -0.5  2.9  0.  -0.9 -2.1 -0.9 -0.4  3.5 -1.2 -1.5  0.  -0.7  2.6  0.8 -1.5  1.3 -1.9 -1.8 -1.1 -1.3 -1.3 -0.3  0.6  1.8 -0.   1.7 -0.8  0.   6.  -1.   6.1  4.7  0.2 -1.3 -1.8  1.3 -0.9 -1.2  2.3 -1.1 -0.8 -0.1  7.3 -1.3 -0.9  1.7  4.8  6.4  5.3 -0.7  3.   2.3  6.2 -0.2 -0.5 -0.6 -0.6  0.   4.1 -1.8  1.6 -0.9 -1.1  3.5  2.2 -0.6 -0.3  3.8 -0.9 -2.6 -1.3 -0.5 -0.9 -1.2  2.5 -1.8 -1.1  1.1 -0.3  1.  -0.3  3.6 -2.2 -1.2 -1.2 -0.9 -0.3  2.7  1.7  2.1 -0.2  8.  -0.1 -0.5 -2.5 -0.6  2.   4.2 -0.7 -0.1  4.1 -0.5 -0.4 -1.1]
vy_50sample [[2 2 2 2 1 8 5]
 [6 1 0 9 1 1 1]
 [0 0 5 0 0 5 6]
 [6 0 6 6 5 9 0]
 [6 6 1 0 1 9 6]
 [4 5 5 5 9 9 9]
 [6 6 3 0 5 3 0]
 [8 8 7 7 5 7 8]
 [6 0 0 5 0 2 0]
 [3 4 4 0 3 6 3]]
vt_50sample [[8 9 1 4 7 3 7]
 [6 2 6 0 9 6 2]
 [1 0 9 7 4 8 4]
 [9 8 7 7 6 8 8]
 [2 1 0 4 2 6 5]
 [1 7 3 6 6 8 0]
 [4 7 5 3 9 4 7]
 [7 3 1 0 0 7 4]
 [0 7 9 9 5 8 2]
 [6 0 5 7 1 3 5]]
Epoch  1510: Training cost= 0.0179, Training acc= 0.8013, Validation cost= 7.8376, Validation acc= 0.1178
